,url,name,name_alt,rooms,price,sp_url,lat,lng
0,/rooms/552233920325144669?adults=1&children=0&enable_m3_private_room=true&infants=0&pets=0&check_in=2023-07-03&check_out=2023-07-08&source_impression_id=p3_1688405512_FiatqmsoCNQm9jP5&previous_page_section_name=1000&federated_search_id=a3111f27-b57a-4744-b626-29a8bd777c67,Apartment in Ignacio Zaragoza,Autodromo Dept Hnos. Rodríguez- CDMX Airport,2 double beds,$42 night$42 per night,https://www.airbnb.com/s/ignacio-zaragoza-i--Mexico-City/homes?tab_id=home_tab&refinement_paths%5B%5D=%2Fhomes&flexible_trip_lengths%5B%5D=one_week&monthly_start_date=2023-07-01&monthly_length=3&price_filter_input_type=0&price_filter_num_nights=5&channel=EXPLORE&date_picker_type=calendar&source=structured_search_input_header&search_type=search_query&items_offset=0,19.41155,-99.09212
1,/rooms/46068574?adults=1&children=0&enable_m3_private_room=true&infants=0&pets=0&check_in=2023-07-12&check_out=2023-07-17&source_impression_id=p3_1688405512_Hqn67p976Mt%2F2Rb7&previous_page_section_name=1000&federated_search_id=a3111f27-b57a-4744-b626-29a8bd777c67,Apartment in Federal,Depto House Living2|Aeropuerto|Foro Sol|PalacioDep,1 king bed,$40 night$40 per night,https://www.airbnb.com/s/ignacio-zaragoza-i--Mexico-City/homes?tab_id=home_tab&refinement_paths%5B%5D=%2Fhomes&flexible_trip_lengths%5B%5D=one_week&monthly_start_date=2023-07-01&monthly_length=3&price_filter_input_type=0&price_filter_num_nights=5&channel=EXPLORE&date_picker_type=calendar&source=structured_search_input_header&search_type=search_query&items_offset=0,19.41777,-99.0864
2,/rooms/552222760438370099?adults=1&children=0&enable_m3_private_room=true&infants=0&pets=0&check_in=2023-07-03&check_out=2023-07-08&source_impression_id=p3_1688405512_LpDG0xHXNof1dJoW&previous_page_section_name=1000&federated_search_id=a3111f27-b57a-4744-b626-29a8bd777c67,Loft in Ignacio Zaragoza,Loft Autódromo Hermanos Rodríguez - CDMX Airport,1 double bed,$30 night$30 per night,https://www.airbnb.com/s/ignacio-zaragoza-i--Mexico-City/homes?tab_id=home_tab&refinement_paths%5B%5D=%2Fhomes&flexible_trip_lengths%5B%5D=one_week&monthly_start_date=2023-07-01&monthly_length=3&price_filter_input_type=0&price_filter_num_nights=5&channel=EXPLORE&date_picker_type=calendar&source=structured_search_input_header&search_type=search_query&items_offset=0,19.41212,-99.09012
3,/rooms/883397299895387877?adults=1&children=0&enable_m3_private_room=true&infants=0&pets=0&check_in=2023-07-03&check_out=2023-07-08&source_impression_id=p3_1688405512_6f4dF7RaWw781heP&previous_page_section_name=1000&federated_search_id=a3111f27-b57a-4744-b626-29a8bd777c67,Guesthouse in Ignacio Zaragoza,"Casa de Huéspedes El Pueblito ""Habitación Mazunte""",1 double bed,"$30 $21 night$21 per night, originally $30",https://www.airbnb.com/s/ignacio-zaragoza-i--Mexico-City/homes?tab_id=home_tab&refinement_paths%5B%5D=%2Fhomes&flexible_trip_lengths%5B%5D=one_week&monthly_start_date=2023-07-01&monthly_length=3&price_filter_input_type=0&price_filter_num_nights=5&channel=EXPLORE&date_picker_type=calendar&source=structured_search_input_header&search_type=search_query&items_offset=0,19.409905891758143,-99.0923610655917
4,/rooms/53920386?adults=1&category_tag=Tag%3A8678&children=0&enable_m3_private_room=true&infants=0&pets=0&check_in=2023-07-03&check_out=2023-07-08&source_impression_id=p3_1688405512_pe7mRnIlFxrUM8Px&previous_page_section_name=1000&federated_search_id=a3111f27-b57a-4744-b626-29a8bd777c67,Room in Valentin Gomez Farias,Cozy Beautiful Private Room Close to Airport,Stay with Isaac,"$106 $54 night$54 per night, originally $106",https://www.airbnb.com/s/ignacio-zaragoza-i--Mexico-City/homes?tab_id=home_tab&refinement_paths%5B%5D=%2Fhomes&flexible_trip_lengths%5B%5D=one_week&monthly_start_date=2023-07-01&monthly_length=3&price_filter_input_type=0&price_filter_num_nights=5&channel=EXPLORE&date_picker_type=calendar&source=structured_search_input_header&search_type=search_query&items_offset=0,19.41672,-99.09468
5,/rooms/40659168?adults=1&children=0&enable_m3_private_room=true&infants=0&pets=0&check_in=2023-07-03&check_out=2023-07-08&source_impression_id=p3_1688405512_KLfeQhcccUTnM86H&previous_page_section_name=1000&federated_search_id=a3111f27-b57a-4744-b626-29a8bd777c67,Apartment in Ignacio Zaragoza,Apartament/Airport T1 T2/Autodromo Hnos.Rodriguez,2 beds,$29 night$29 per night,https://www.airbnb.com/s/ignacio-zaragoza-i--Mexico-City/homes?tab_id=home_tab&refinement_paths%5B%5D=%2Fhomes&flexible_trip_lengths%5B%5D=one_week&monthly_start_date=2023-07-01&monthly_length=3&price_filter_input_type=0&price_filter_num_nights=5&channel=EXPLORE&date_picker_type=calendar&source=structured_search_input_header&search_type=search_query&items_offset=0,19.41273,-99.08914
6,/rooms/40086816?adults=1&children=0&enable_m3_private_room=true&infants=0&pets=0&check_in=2023-07-12&check_out=2023-07-17&source_impression_id=p3_1688405512_VMVlmRUyxHk5R5xI&previous_page_section_name=1000&federated_search_id=a3111f27-b57a-4744-b626-29a8bd777c67,Apartment in Federal,Depto House Living1|Aeropuerto|Foro Sol|PalacioDep,1 king bed,$40 night$40 per night,https://www.airbnb.com/s/ignacio-zaragoza-i--Mexico-City/homes?tab_id=home_tab&refinement_paths%5B%5D=%2Fhomes&flexible_trip_lengths%5B%5D=one_week&monthly_start_date=2023-07-01&monthly_length=3&price_filter_input_type=0&price_filter_num_nights=5&channel=EXPLORE&date_picker_type=calendar&source=structured_search_input_header&search_type=search_query&items_offset=0,19.41826,-99.08641
7,/rooms/700034901856100454?adults=1&children=0&enable_m3_private_room=true&infants=0&pets=0&check_in=2023-07-04&check_out=2023-07-09&source_impression_id=p3_1688405512_t3ezKlEbWFpC3mT2&previous_page_section_name=1000&federated_search_id=a3111f27-b57a-4744-b626-29a8bd777c67,Loft in Federal,Penthouse hermoso a solo 5 min del aeropuerto.,4 beds,$213 night$213 per night,https://www.airbnb.com/s/ignacio-zaragoza-i--Mexico-City/homes?tab_id=home_tab&refinement_paths%5B%5D=%2Fhomes&flexible_trip_lengths%5B%5D=one_week&monthly_start_date=2023-07-01&monthly_length=3&price_filter_input_type=0&price_filter_num_nights=5&channel=EXPLORE&date_picker_type=calendar&source=structured_search_input_header&search_type=search_query&items_offset=0,19.4184,-99.095
8,/rooms/23808422?adults=1&children=0&enable_m3_private_room=true&infants=0&pets=0&check_in=2023-08-01&check_out=2023-08-06&source_impression_id=p3_1688405512_orYepJOfSthFCLwQ&previous_page_section_name=1000&federated_search_id=a3111f27-b57a-4744-b626-29a8bd777c67,Condo in Ignacio Zaragoza,SPACIOUS APARTMENT LOCATED IN FORO SOL AIRPORT,3 beds,$64 night$64 per night,https://www.airbnb.com/s/ignacio-zaragoza-i--Mexico-City/homes?tab_id=home_tab&refinement_paths%5B%5D=%2Fhomes&flexible_trip_lengths%5B%5D=one_week&monthly_start_date=2023-07-01&monthly_length=3&price_filter_input_type=0&price_filter_num_nights=5&channel=EXPLORE&date_picker_type=calendar&source=structured_search_input_header&search_type=search_query&items_offset=0,19.40907,-99.09358
9,/rooms/599457354214495246?adults=1&children=0&enable_m3_private_room=true&infants=0&pets=0&check_in=2023-07-03&check_out=2023-07-08&source_impression_id=p3_1688405512_ZOTasP%2FdFFrVXUkK&previous_page_section_name=1000&federated_search_id=a3111f27-b57a-4744-b626-29a8bd777c67,Condo in Federal,Home Sweet Home: 5MinArpt/Autodromo/ForoSol/PalDep,2 beds,"$48 $40 night$40 per night, originally $48",https://www.airbnb.com/s/ignacio-zaragoza-i--Mexico-City/homes?tab_id=home_tab&refinement_paths%5B%5D=%2Fhomes&flexible_trip_lengths%5B%5D=one_week&monthly_start_date=2023-07-01&monthly_length=3&price_filter_input_type=0&price_filter_num_nights=5&channel=EXPLORE&date_picker_type=calendar&source=structured_search_input_header&search_type=search_query&items_offset=0,19.42091,-99.08577
10,/rooms/628506359136720420?adults=1&children=0&enable_m3_private_room=true&infants=0&pets=0&check_in=2023-07-05&check_out=2023-07-10&source_impression_id=p3_1688405512_dq9iFJgpeZLeECyG&previous_page_section_name=1000&federated_search_id=a3111f27-b57a-4744-b626-29a8bd777c67,Condo in Federal,Stay 5 minutes from the Airport!!,2 double beds,"$62 $50 night$50 per night, originally $62",https://www.airbnb.com/s/ignacio-zaragoza-i--Mexico-City/homes?tab_id=home_tab&refinement_paths%5B%5D=%2Fhomes&flexible_trip_lengths%5B%5D=one_week&monthly_start_date=2023-07-01&monthly_length=3&price_filter_input_type=0&price_filter_num_nights=5&channel=EXPLORE&date_picker_type=calendar&source=structured_search_input_header&search_type=search_query&items_offset=0,19.4238,-99.0882
11,/rooms/814508931479202540?adults=1&children=0&enable_m3_private_room=true&infants=0&pets=0&check_in=2023-07-05&check_out=2023-07-10&source_impression_id=p3_1688405512_RsWpBP8meGSQeiqt&previous_page_section_name=1000&federated_search_id=a3111f27-b57a-4744-b626-29a8bd777c67,Apartment in Federal,Airport2 RnR,1 bed,$44 night$44 per night,https://www.airbnb.com/s/ignacio-zaragoza-i--Mexico-City/homes?tab_id=home_tab&refinement_paths%5B%5D=%2Fhomes&flexible_trip_lengths%5B%5D=one_week&monthly_start_date=2023-07-01&monthly_length=3&price_filter_input_type=0&price_filter_num_nights=5&channel=EXPLORE&date_picker_type=calendar&source=structured_search_input_header&search_type=search_query&items_offset=0,19.418750519231015,-99.09116230977449
12,/rooms/53068836?adults=1&children=0&enable_m3_private_room=true&infants=0&pets=0&check_in=2023-07-12&check_out=2023-07-17&source_impression_id=p3_1688405512_tQcnKm6IToy7JMUy&previous_page_section_name=1000&federated_search_id=a3111f27-b57a-4744-b626-29a8bd777c67,Vacation home in Ignacio Zaragoza,Close to Foro Sol and Airport,3 single beds,"$33 $26 night$26 per night, originally $33",https://www.airbnb.com/s/ignacio-zaragoza-i--Mexico-City/homes?tab_id=home_tab&refinement_paths%5B%5D=%2Fhomes&flexible_trip_lengths%5B%5D=one_week&monthly_start_date=2023-07-01&monthly_length=3&price_filter_input_type=0&price_filter_num_nights=5&channel=EXPLORE&date_picker_type=calendar&source=structured_search_input_header&search_type=search_query&items_offset=0,19.40988,-99.08954
13,/rooms/860215391344810828?adults=1&children=0&enable_m3_private_room=true&infants=0&pets=0&check_in=2023-07-14&check_out=2023-07-19&source_impression_id=p3_1688405512_WJQvv3vU8DgySPiK&previous_page_section_name=1000&federated_search_id=a3111f27-b57a-4744-b626-29a8bd777c67,Condo in Ignacio Zaragoza,Apt. search for forum sol/airport,5 beds,$81 night$81 per night,https://www.airbnb.com/s/ignacio-zaragoza-i--Mexico-City/homes?tab_id=home_tab&refinement_paths%5B%5D=%2Fhomes&flexible_trip_lengths%5B%5D=one_week&monthly_start_date=2023-07-01&monthly_length=3&price_filter_input_type=0&price_filter_num_nights=5&channel=EXPLORE&date_picker_type=calendar&source=structured_search_input_header&search_type=search_query&items_offset=0,19.41083598041342,-99.09039312164784
14,/rooms/593457060268781810?adults=1&children=0&enable_m3_private_room=true&infants=0&pets=0&check_in=2023-07-04&check_out=2023-07-09&source_impression_id=p3_1688405512_EE0QhChlAhXtZyGh&previous_page_section_name=1000&federated_search_id=a3111f27-b57a-4744-b626-29a8bd777c67,Condo in Jardin Balbuena,Beautiful comfortable and cozy apartment,2 beds,$31 night$31 per night,https://www.airbnb.com/s/ignacio-zaragoza-i--Mexico-City/homes?tab_id=home_tab&refinement_paths%5B%5D=%2Fhomes&flexible_trip_lengths%5B%5D=one_week&monthly_start_date=2023-07-01&monthly_length=3&price_filter_input_type=0&price_filter_num_nights=5&channel=EXPLORE&date_picker_type=calendar&source=structured_search_input_header&search_type=search_query&items_offset=0,19.41231,-99.09941
15,/rooms/17862531?adults=1&children=0&enable_m3_private_room=true&infants=0&pets=0&check_in=2023-07-06&check_out=2023-07-11&source_impression_id=p3_1688405512_3KPZjT2QcsV9t6QG&previous_page_section_name=1000&federated_search_id=a3111f27-b57a-4744-b626-29a8bd777c67,Apartment in Ignacio Zaragoza,"Autodromo, Foro Sol and Airport",5 beds,$91 night$91 per night,https://www.airbnb.com/s/ignacio-zaragoza-i--Mexico-City/homes?tab_id=home_tab&refinement_paths%5B%5D=%2Fhomes&flexible_trip_lengths%5B%5D=one_week&monthly_start_date=2023-07-01&monthly_length=3&price_filter_input_type=0&price_filter_num_nights=5&channel=EXPLORE&date_picker_type=calendar&source=structured_search_input_header&search_type=search_query&items_offset=0,19.41229,-99.09134
16,/rooms/20690894?adults=1&children=0&enable_m3_private_room=true&infants=0&pets=0&check_in=2023-07-03&check_out=2023-07-08&source_impression_id=p3_1688405512_XAT0kNgsrk2S89Jo&previous_page_section_name=1000&federated_search_id=a3111f27-b57a-4744-b626-29a8bd777c67,Apartment in Ignacio Zaragoza,Eco-friendly apartment minutes from CDMX Airport 1,1 double bed,$38 night$38 per night,https://www.airbnb.com/s/ignacio-zaragoza-i--Mexico-City/homes?tab_id=home_tab&refinement_paths%5B%5D=%2Fhomes&flexible_trip_lengths%5B%5D=one_week&monthly_start_date=2023-07-01&monthly_length=3&price_filter_input_type=0&price_filter_num_nights=5&channel=EXPLORE&date_picker_type=calendar&source=structured_search_input_header&search_type=search_query&items_offset=0,19.416,-99.09294
17,/rooms/34645560?adults=1&children=0&enable_m3_private_room=true&infants=0&pets=0&check_in=2023-07-04&check_out=2023-07-10&source_impression_id=p3_1688405512_crQyZ87tjXwLLcc8&previous_page_section_name=1000&federated_search_id=a3111f27-b57a-4744-b626-29a8bd777c67,Apartment in Jardin Balbuena,Petit Suite Near to International Airport,1 double bed,$29 night$29 per night,https://www.airbnb.com/s/ignacio-zaragoza-i--Mexico-City/homes?tab_id=home_tab&refinement_paths%5B%5D=%2Fhomes&flexible_trip_lengths%5B%5D=one_week&monthly_start_date=2023-07-01&monthly_length=3&price_filter_input_type=0&price_filter_num_nights=5&channel=EXPLORE&date_picker_type=calendar&source=structured_search_input_header&search_type=search_query&items_offset=0,19.41844,-99.09925
18,/rooms/15027596?adults=1&children=0&enable_m3_private_room=true&infants=0&pets=0&check_in=2023-08-07&check_out=2023-08-12&source_impression_id=p3_1688405543_OyS9MeqPSVZev%2Blu&previous_page_section_name=1000&federated_search_id=ac6443c0-ddbd-4db4-bfec-416e85f844aa,Loft in Heroica Puebla de Zaragoza,Cathedral Perfect View Loft,3 beds,$95 night$95 per night,https://www.airbnb.com/s/ignacio-zaragoza-i--Mexico-City/homes?tab_id=home_tab&refinement_paths%5B%5D=%2Fhomes&flexible_trip_lengths%5B%5D=one_week&monthly_start_date=2023-07-01&monthly_length=3&price_filter_input_type=0&price_filter_num_nights=5&channel=EXPLORE&date_picker_type=calendar&source=structured_search_input_header&search_type=search_query&items_offset=18,19.0432,-98.2019
19,/rooms/53358598?adults=1&children=0&enable_m3_private_room=true&infants=0&pets=0&check_in=2023-07-13&check_out=2023-07-18&source_impression_id=p3_1688405543_gk6CW6ZZmqDMSaXN&previous_page_section_name=1000&federated_search_id=ac6443c0-ddbd-4db4-bfec-416e85f844aa,Home in Heroica Puebla de Zaragoza,Hermosa casa para descansar en Puebla Casitas 1,2 beds,$40 night$40 per night,https://www.airbnb.com/s/ignacio-zaragoza-i--Mexico-City/homes?tab_id=home_tab&refinement_paths%5B%5D=%2Fhomes&flexible_trip_lengths%5B%5D=one_week&monthly_start_date=2023-07-01&monthly_length=3&price_filter_input_type=0&price_filter_num_nights=5&channel=EXPLORE&date_picker_type=calendar&source=structured_search_input_header&search_type=search_query&items_offset=18,19.0224,-98.19219
20,/rooms/31613835?adults=1&children=0&enable_m3_private_room=true&infants=0&pets=0&check_in=2023-07-03&check_out=2023-07-08&source_impression_id=p3_1688405543_D6epn37cT8O6ZfPb&previous_page_section_name=1000&federated_search_id=ac6443c0-ddbd-4db4-bfec-416e85f844aa,Condo in Heroica Puebla de Zaragoza,24 hour surveillance apartment.,2 double beds,"$27 $23 night$23 per night, originally $27",https://www.airbnb.com/s/ignacio-zaragoza-i--Mexico-City/homes?tab_id=home_tab&refinement_paths%5B%5D=%2Fhomes&flexible_trip_lengths%5B%5D=one_week&monthly_start_date=2023-07-01&monthly_length=3&price_filter_input_type=0&price_filter_num_nights=5&channel=EXPLORE&date_picker_type=calendar&source=structured_search_input_header&search_type=search_query&items_offset=18,19.00702,-98.14417
21,/rooms/576611494661463335?adults=1&children=0&enable_m3_private_room=true&infants=0&pets=0&check_in=2023-07-03&check_out=2023-07-08&source_impression_id=p3_1688405543_Tmqxu008pfWECm5n&previous_page_section_name=1000&federated_search_id=ac6443c0-ddbd-4db4-bfec-416e85f844aa,Loft in Heroica Puebla de Zaragoza,Cathedral Fantastic View Loft,3 beds,$89 night$89 per night,https://www.airbnb.com/s/ignacio-zaragoza-i--Mexico-City/homes?tab_id=home_tab&refinement_paths%5B%5D=%2Fhomes&flexible_trip_lengths%5B%5D=one_week&monthly_start_date=2023-07-01&monthly_length=3&price_filter_input_type=0&price_filter_num_nights=5&channel=EXPLORE&date_picker_type=calendar&source=structured_search_input_header&search_type=search_query&items_offset=18,19.0434,-98.2019
22,/rooms/24112214?adults=1&children=0&enable_m3_private_room=true&infants=0&pets=0&check_in=2023-07-03&check_out=2023-07-08&source_impression_id=p3_1688405543_of%2BWj6JW2mGfqsB9&previous_page_section_name=1000&federated_search_id=ac6443c0-ddbd-4db4-bfec-416e85f844aa,Apartment in Heroica Puebla de Zaragoza,Departamento  Centric Puebla and Ecological Park,2 beds,$20 night$20 per night,https://www.airbnb.com/s/ignacio-zaragoza-i--Mexico-City/homes?tab_id=home_tab&refinement_paths%5B%5D=%2Fhomes&flexible_trip_lengths%5B%5D=one_week&monthly_start_date=2023-07-01&monthly_length=3&price_filter_input_type=0&price_filter_num_nights=5&channel=EXPLORE&date_picker_type=calendar&source=structured_search_input_header&search_type=search_query&items_offset=18,19.01911,-98.17828
23,/rooms/549391779736191642?adults=1&children=0&enable_m3_private_room=true&infants=0&pets=0&check_in=2023-07-13&check_out=2023-07-18&source_impression_id=p3_1688405543_xwre57xrkxoLjW1g&previous_page_section_name=1000&federated_search_id=ac6443c0-ddbd-4db4-bfec-416e85f844aa,Condo in Heroica Puebla de Zaragoza,APARTMENT IN HISTORIC DOWNTOWN WITH TERRACE,3 beds,$107 night$107 per night,https://www.airbnb.com/s/ignacio-zaragoza-i--Mexico-City/homes?tab_id=home_tab&refinement_paths%5B%5D=%2Fhomes&flexible_trip_lengths%5B%5D=one_week&monthly_start_date=2023-07-01&monthly_length=3&price_filter_input_type=0&price_filter_num_nights=5&channel=EXPLORE&date_picker_type=calendar&source=structured_search_input_header&search_type=search_query&items_offset=18,19.03463,-98.20269
24,/rooms/863804736525421179?adults=1&children=0&enable_m3_private_room=true&infants=0&pets=0&check_in=2023-07-03&check_out=2023-07-08&source_impression_id=p3_1688405543_ZkgeV5%2BswYmQKX6g&previous_page_section_name=1000&federated_search_id=ac6443c0-ddbd-4db4-bfec-416e85f844aa,Home in Heroica Puebla de Zaragoza,Bonita casa acogedora.,3 beds,"$62 $55 night$55 per night, originally $62",https://www.airbnb.com/s/ignacio-zaragoza-i--Mexico-City/homes?tab_id=home_tab&refinement_paths%5B%5D=%2Fhomes&flexible_trip_lengths%5B%5D=one_week&monthly_start_date=2023-07-01&monthly_length=3&price_filter_input_type=0&price_filter_num_nights=5&channel=EXPLORE&date_picker_type=calendar&source=structured_search_input_header&search_type=search_query&items_offset=18,19.05605,-98.17534
25,/rooms/22283148?adults=1&children=0&enable_m3_private_room=true&infants=0&pets=0&check_in=2023-07-16&check_out=2023-07-21&source_impression_id=p3_1688405543_CpS310Y%2B0rnSNFsg&previous_page_section_name=1000&federated_search_id=ac6443c0-ddbd-4db4-bfec-416e85f844aa,Apartment in Heroica Puebla de Zaragoza,Casa de Los Pajaros,1 queen bed,$53 night$53 per night,https://www.airbnb.com/s/ignacio-zaragoza-i--Mexico-City/homes?tab_id=home_tab&refinement_paths%5B%5D=%2Fhomes&flexible_trip_lengths%5B%5D=one_week&monthly_start_date=2023-07-01&monthly_length=3&price_filter_input_type=0&price_filter_num_nights=5&channel=EXPLORE&date_picker_type=calendar&source=structured_search_input_header&search_type=search_query&items_offset=18,19.04214,-98.19632
26,/rooms/701543794388035309?adults=1&children=0&enable_m3_private_room=true&infants=0&pets=0&check_in=2023-07-24&check_out=2023-07-29&source_impression_id=p3_1688405543_GBYTaJE2kn2aZADA&previous_page_section_name=1000&federated_search_id=ac6443c0-ddbd-4db4-bfec-416e85f844aa,Condo in Heroica Puebla de Zaragoza,"Depa Huexo, c/parking, well located",4 beds,$56 night$56 per night,https://www.airbnb.com/s/ignacio-zaragoza-i--Mexico-City/homes?tab_id=home_tab&refinement_paths%5B%5D=%2Fhomes&flexible_trip_lengths%5B%5D=one_week&monthly_start_date=2023-07-01&monthly_length=3&price_filter_input_type=0&price_filter_num_nights=5&channel=EXPLORE&date_picker_type=calendar&source=structured_search_input_header&search_type=search_query&items_offset=18,19.0288,-98.2117
27,/rooms/37251452?adults=1&children=0&enable_m3_private_room=true&infants=0&pets=0&check_in=2023-07-05&check_out=2023-07-10&source_impression_id=p3_1688405543_7BqrUF5TTvAcczW2&previous_page_section_name=1000&federated_search_id=ac6443c0-ddbd-4db4-bfec-416e85f844aa,Condo in Heroica Puebla de Zaragoza,Comfortable studio in the heart of Puebla,1 bed,$47 night$47 per night,https://www.airbnb.com/s/ignacio-zaragoza-i--Mexico-City/homes?tab_id=home_tab&refinement_paths%5B%5D=%2Fhomes&flexible_trip_lengths%5B%5D=one_week&monthly_start_date=2023-07-01&monthly_length=3&price_filter_input_type=0&price_filter_num_nights=5&channel=EXPLORE&date_picker_type=calendar&source=structured_search_input_header&search_type=search_query&items_offset=18,19.04545,-98.20221
28,/rooms/594178975522679560?adults=1&children=0&enable_m3_private_room=true&infants=0&pets=0&check_in=2023-07-03&check_out=2023-07-08&source_impression_id=p3_1688405543_l1KGdkpqt4EQxgdp&previous_page_section_name=1000&federated_search_id=ac6443c0-ddbd-4db4-bfec-416e85f844aa,Apartment in Heroica Puebla de Zaragoza,Loft in Downtown Puebla,2 beds,"$51 $41 night$41 per night, originally $51",https://www.airbnb.com/s/ignacio-zaragoza-i--Mexico-City/homes?tab_id=home_tab&refinement_paths%5B%5D=%2Fhomes&flexible_trip_lengths%5B%5D=one_week&monthly_start_date=2023-07-01&monthly_length=3&price_filter_input_type=0&price_filter_num_nights=5&channel=EXPLORE&date_picker_type=calendar&source=structured_search_input_header&search_type=search_query&items_offset=18,19.0483,-98.1947
29,/rooms/22084624?adults=1&children=0&enable_m3_private_room=true&infants=0&pets=0&check_in=2023-07-03&check_out=2023-07-08&source_impression_id=p3_1688405543_vG2J%2FMOTsWAFCCAZ&previous_page_section_name=1000&federated_search_id=ac6443c0-ddbd-4db4-bfec-416e85f844aa,Apartment in Heroica Puebla de Zaragoza,Best location in Puebla! Special monthly discount!,4 beds,$34 night$34 per night,https://www.airbnb.com/s/ignacio-zaragoza-i--Mexico-City/homes?tab_id=home_tab&refinement_paths%5B%5D=%2Fhomes&flexible_trip_lengths%5B%5D=one_week&monthly_start_date=2023-07-01&monthly_length=3&price_filter_input_type=0&price_filter_num_nights=5&channel=EXPLORE&date_picker_type=calendar&source=structured_search_input_header&search_type=search_query&items_offset=18,19.0431,-98.1974
30,/rooms/917463106778498411?adults=1&children=0&enable_m3_private_room=true&infants=0&pets=0&check_in=2023-07-09&check_out=2023-07-14&source_impression_id=p3_1688405543_kKtCmd%2Bj12D70b%2Fg&previous_page_section_name=1000&federated_search_id=ac6443c0-ddbd-4db4-bfec-416e85f844aa,Hut in Heroica Puebla de Zaragoza,Cabaña Moderna de descanso,1 bed,$87 night$87 per night,https://www.airbnb.com/s/ignacio-zaragoza-i--Mexico-City/homes?tab_id=home_tab&refinement_paths%5B%5D=%2Fhomes&flexible_trip_lengths%5B%5D=one_week&monthly_start_date=2023-07-01&monthly_length=3&price_filter_input_type=0&price_filter_num_nights=5&channel=EXPLORE&date_picker_type=calendar&source=structured_search_input_header&search_type=search_query&items_offset=18,19.0109,-98.1251
31,/rooms/774581438406209715?adults=1&children=0&enable_m3_private_room=true&infants=0&pets=0&check_in=2023-07-03&check_out=2023-07-08&source_impression_id=p3_1688405543_o2v0BdI2bsyV9Q8E&previous_page_section_name=1000&federated_search_id=ac6443c0-ddbd-4db4-bfec-416e85f844aa,Apartment in Heroica Puebla de Zaragoza,Depa doble altura cerca a la BUAP,1 double bed,$23 night$23 per night,https://www.airbnb.com/s/ignacio-zaragoza-i--Mexico-City/homes?tab_id=home_tab&refinement_paths%5B%5D=%2Fhomes&flexible_trip_lengths%5B%5D=one_week&monthly_start_date=2023-07-01&monthly_length=3&price_filter_input_type=0&price_filter_num_nights=5&channel=EXPLORE&date_picker_type=calendar&source=structured_search_input_header&search_type=search_query&items_offset=18,19.0021,-98.193
32,/rooms/52507270?adults=1&children=0&enable_m3_private_room=true&infants=0&pets=0&check_in=2023-07-18&check_out=2023-07-23&source_impression_id=p3_1688405543_IdbIqCiFi6vcfIce&previous_page_section_name=1000&federated_search_id=ac6443c0-ddbd-4db4-bfec-416e85f844aa,Houseboat in Heroica Puebla de Zaragoza,Meraki Floating Cabin • Del Lake Mx •,2 beds,$124 night$124 per night,https://www.airbnb.com/s/ignacio-zaragoza-i--Mexico-City/homes?tab_id=home_tab&refinement_paths%5B%5D=%2Fhomes&flexible_trip_lengths%5B%5D=one_week&monthly_start_date=2023-07-01&monthly_length=3&price_filter_input_type=0&price_filter_num_nights=5&channel=EXPLORE&date_picker_type=calendar&source=structured_search_input_header&search_type=search_query&items_offset=18,18.92934,-98.13434
33,/rooms/609641465322222414?adults=1&children=0&enable_m3_private_room=true&infants=0&pets=0&check_in=2023-07-03&check_out=2023-07-08&source_impression_id=p3_1688405543_yS403V5L6yWhkQQJ&previous_page_section_name=1000&federated_search_id=ac6443c0-ddbd-4db4-bfec-416e85f844aa,Condo in Heroica Puebla de Zaragoza,"Apartamento Único en Puebla, lujo y ubicación.",1 king bed,"$153 $127 night$127 per night, originally $153",https://www.airbnb.com/s/ignacio-zaragoza-i--Mexico-City/homes?tab_id=home_tab&refinement_paths%5B%5D=%2Fhomes&flexible_trip_lengths%5B%5D=one_week&monthly_start_date=2023-07-01&monthly_length=3&price_filter_input_type=0&price_filter_num_nights=5&channel=EXPLORE&date_picker_type=calendar&source=structured_search_input_header&search_type=search_query&items_offset=18,19.03406,-98.22945
34,/rooms/39726548?adults=1&children=0&enable_m3_private_room=true&infants=0&pets=0&check_in=2023-07-04&check_out=2023-07-09&source_impression_id=p3_1688405543_joEkluKzskysS1xt&previous_page_section_name=1000&federated_search_id=ac6443c0-ddbd-4db4-bfec-416e85f844aa,Apartment in Heroica Puebla de Zaragoza,TU APARTMENT EN PUEBLA (4 PEOPLE),3 beds,$35 night$35 per night,https://www.airbnb.com/s/ignacio-zaragoza-i--Mexico-City/homes?tab_id=home_tab&refinement_paths%5B%5D=%2Fhomes&flexible_trip_lengths%5B%5D=one_week&monthly_start_date=2023-07-01&monthly_length=3&price_filter_input_type=0&price_filter_num_nights=5&channel=EXPLORE&date_picker_type=calendar&source=structured_search_input_header&search_type=search_query&items_offset=18,19.0721,-98.16428
35,/rooms/39370358?adults=1&children=0&enable_m3_private_room=true&infants=0&pets=0&check_in=2023-07-31&check_out=2023-08-06&source_impression_id=p3_1688405543_mdAwuIHGopWNGavc&previous_page_section_name=1000&federated_search_id=ac6443c0-ddbd-4db4-bfec-416e85f844aa,Home in Heroica Puebla de Zaragoza,Sanitized house and 6 rooms,6 beds,"$231 $192 night$192 per night, originally $231",https://www.airbnb.com/s/ignacio-zaragoza-i--Mexico-City/homes?tab_id=home_tab&refinement_paths%5B%5D=%2Fhomes&flexible_trip_lengths%5B%5D=one_week&monthly_start_date=2023-07-01&monthly_length=3&price_filter_input_type=0&price_filter_num_nights=5&channel=EXPLORE&date_picker_type=calendar&source=structured_search_input_header&search_type=search_query&items_offset=18,19.04922,-98.19058
36,/rooms/609384771400216443?adults=1&children=0&enable_m3_private_room=true&infants=0&pets=0&check_in=2023-07-11&check_out=2023-07-16&source_impression_id=p3_1688405577_qomzNItXhdgE%2FbE7&previous_page_section_name=1000&federated_search_id=e74913f5-53e5-45db-8c0d-0a4ec7659b26,Condo in Ignacio Zaragoza,Depto8person/5minAut/ForoSol/PalacioDeport/PlantaB,6 beds,"₩43,855 / night₩43,855 per night · ₩219,276 total₩219,276 totalShow price breakdown",https://www.airbnb.com/s/ignacio-zaragoza-i--Mexico-City/homes?tab_id=home_tab&refinement_paths%5B%5D=%2Fhomes&flexible_trip_lengths%5B%5D=one_week&monthly_start_date=2023-07-01&monthly_length=3&price_filter_input_type=0&price_filter_num_nights=5&channel=EXPLORE&date_picker_type=calendar&source=structured_search_input_header&search_type=search_query&items_offset=36,19.41384,-99.08481
37,/rooms/47843242?adults=1&children=0&enable_m3_private_room=true&infants=0&pets=0&check_in=2023-07-03&check_out=2023-07-08&source_impression_id=p3_1688405578_U2R9XdVhODGsZ0vM&previous_page_section_name=1000&federated_search_id=e74913f5-53e5-45db-8c0d-0a4ec7659b26,Apartment in Federal,Furnished Depa CDMX,1 double bed,"₩62,217 / night₩62,217 per night · ₩311,083 total₩311,083 totalShow price breakdown",https://www.airbnb.com/s/ignacio-zaragoza-i--Mexico-City/homes?tab_id=home_tab&refinement_paths%5B%5D=%2Fhomes&flexible_trip_lengths%5B%5D=one_week&monthly_start_date=2023-07-01&monthly_length=3&price_filter_input_type=0&price_filter_num_nights=5&channel=EXPLORE&date_picker_type=calendar&source=structured_search_input_header&search_type=search_query&items_offset=36,19.41783,-99.0871
38,/rooms/53920447?adults=1&children=0&enable_m3_private_room=true&infants=0&pets=0&check_in=2023-07-03&check_out=2023-07-08&source_impression_id=p3_1688405578_dhibYXqB%2B7Pkqqjm&previous_page_section_name=1000&federated_search_id=e74913f5-53e5-45db-8c0d-0a4ec7659b26,Bed and breakfast in Valentin Gomez Farias,Private room near CDMX Airport,1 queen bed,"₩114,131 ₩83,518 / night₩83,518 per night, originally ₩114,131 · ₩417,588 total₩417,588 totalShow price breakdown",https://www.airbnb.com/s/ignacio-zaragoza-i--Mexico-City/homes?tab_id=home_tab&refinement_paths%5B%5D=%2Fhomes&flexible_trip_lengths%5B%5D=one_week&monthly_start_date=2023-07-01&monthly_length=3&price_filter_input_type=0&price_filter_num_nights=5&channel=EXPLORE&date_picker_type=calendar&source=structured_search_input_header&search_type=search_query&items_offset=36,19.41709,-99.09645
39,/rooms/762574895725045965?adults=1&children=0&enable_m3_private_room=true&infants=0&pets=0&check_in=2023-07-04&check_out=2023-07-11&source_impression_id=p3_1688405578_svWhxbrk5KzyI4ZB&previous_page_section_name=1000&federated_search_id=e74913f5-53e5-45db-8c0d-0a4ec7659b26,Townhouse in Federal,Casa Lotería,5 beds,"₩158,324 ₩146,665 / night₩146,665 per night, originally ₩158,324 · ₩1,026,656 total₩1,026,656 totalShow price breakdown",https://www.airbnb.com/s/ignacio-zaragoza-i--Mexico-City/homes?tab_id=home_tab&refinement_paths%5B%5D=%2Fhomes&flexible_trip_lengths%5B%5D=one_week&monthly_start_date=2023-07-01&monthly_length=3&price_filter_input_type=0&price_filter_num_nights=5&channel=EXPLORE&date_picker_type=calendar&source=structured_search_input_header&search_type=search_query&items_offset=36,19.41617,-99.08539
40,/rooms/54228638?adults=1&children=0&enable_m3_private_room=true&infants=0&pets=0&check_in=2023-07-03&check_out=2023-07-08&source_impression_id=p3_1688405578_TQyVg1b3NvNkVOsv&previous_page_section_name=1000&federated_search_id=e74913f5-53e5-45db-8c0d-0a4ec7659b26,Condo in Federal,Small room near airport 2B,1 bed,"₩41,547 / night₩41,547 per night · ₩207,736 total₩207,736 totalShow price breakdown",https://www.airbnb.com/s/ignacio-zaragoza-i--Mexico-City/homes?tab_id=home_tab&refinement_paths%5B%5D=%2Fhomes&flexible_trip_lengths%5B%5D=one_week&monthly_start_date=2023-07-01&monthly_length=3&price_filter_input_type=0&price_filter_num_nights=5&channel=EXPLORE&date_picker_type=calendar&source=structured_search_input_header&search_type=search_query&items_offset=36,19.42116,-99.08829
41,/rooms/52558107?adults=1&children=0&enable_m3_private_room=true&infants=0&pets=0&check_in=2023-09-11&check_out=2023-09-16&source_impression_id=p3_1688405578_fCTOZu4dJmSOj%2FpD&previous_page_section_name=1000&federated_search_id=e74913f5-53e5-45db-8c0d-0a4ec7659b26,Apartment in Ignacio Zaragoza,Depa Foro Sol/Airport,2 beds,"₩58,843 / night₩58,843 per night · ₩294,213 total₩294,213 totalShow price breakdown",https://www.airbnb.com/s/ignacio-zaragoza-i--Mexico-City/homes?tab_id=home_tab&refinement_paths%5B%5D=%2Fhomes&flexible_trip_lengths%5B%5D=one_week&monthly_start_date=2023-07-01&monthly_length=3&price_filter_input_type=0&price_filter_num_nights=5&channel=EXPLORE&date_picker_type=calendar&source=structured_search_input_header&search_type=search_query&items_offset=36,19.41269,-99.08982
42,/rooms/886939287624522857?adults=1&children=0&enable_m3_private_room=true&infants=0&pets=0&check_in=2023-07-03&check_out=2023-07-08&source_impression_id=p3_1688405578_Ca6g4ONrZ73W%2FIE4&previous_page_section_name=1000&federated_search_id=e74913f5-53e5-45db-8c0d-0a4ec7659b26,Guesthouse in Ignacio Zaragoza,"Casa de Huéspedes El Pueblito ""Habitación El Oro""",1 double bed,"₩47,330 ₩36,009 / night₩36,009 per night, originally ₩47,330 · ₩180,045 total₩180,045 totalShow price breakdown",https://www.airbnb.com/s/ignacio-zaragoza-i--Mexico-City/homes?tab_id=home_tab&refinement_paths%5B%5D=%2Fhomes&flexible_trip_lengths%5B%5D=one_week&monthly_start_date=2023-07-01&monthly_length=3&price_filter_input_type=0&price_filter_num_nights=5&channel=EXPLORE&date_picker_type=calendar&source=structured_search_input_header&search_type=search_query&items_offset=36,19.40933,-99.09079
43,/rooms/888392516306183146?adults=1&children=0&enable_m3_private_room=true&infants=0&pets=0&check_in=2023-07-14&check_out=2023-07-19&source_impression_id=p3_1688405578_1oO9ra9Ylyr299zg&previous_page_section_name=1000&federated_search_id=e74913f5-53e5-45db-8c0d-0a4ec7659b26,Condo in Ignacio Zaragoza,Apto. foro sol/aeropuerto,5 beds,"₩107,324 / night₩107,324 per night · ₩536,622 total₩536,622 totalShow price breakdown",https://www.airbnb.com/s/ignacio-zaragoza-i--Mexico-City/homes?tab_id=home_tab&refinement_paths%5B%5D=%2Fhomes&flexible_trip_lengths%5B%5D=one_week&monthly_start_date=2023-07-01&monthly_length=3&price_filter_input_type=0&price_filter_num_nights=5&channel=EXPLORE&date_picker_type=calendar&source=structured_search_input_header&search_type=search_query&items_offset=36,19.4133,-99.09015
44,/rooms/717091021993454197?adults=1&children=0&enable_m3_private_room=true&infants=0&pets=0&check_in=2023-07-16&check_out=2023-07-22&source_impression_id=p3_1688405578_gAB%2Fs9v0%2FthB2rBK&previous_page_section_name=1000&federated_search_id=e74913f5-53e5-45db-8c0d-0a4ec7659b26,Condo in Mexico City,Nice apartment II near Foro Sol,3 beds,"₩91,756 ₩83,800 / night₩83,800 per night, originally ₩91,756 · ₩502,799 total₩502,799 totalShow price breakdown",https://www.airbnb.com/s/ignacio-zaragoza-i--Mexico-City/homes?tab_id=home_tab&refinement_paths%5B%5D=%2Fhomes&flexible_trip_lengths%5B%5D=one_week&monthly_start_date=2023-07-01&monthly_length=3&price_filter_input_type=0&price_filter_num_nights=5&channel=EXPLORE&date_picker_type=calendar&source=structured_search_input_header&search_type=search_query&items_offset=36,19.4008,-99.09694
45,/rooms/921954264178740041?adults=1&children=0&enable_m3_private_room=true&infants=0&pets=0&check_in=2023-07-13&check_out=2023-07-18&source_impression_id=p3_1688405578_O4cSZqUqOkdh3tXs&previous_page_section_name=1000&federated_search_id=e74913f5-53e5-45db-8c0d-0a4ec7659b26,Apartment in Jardin Balbuena,Departamento para 2 personas,1 bed,"₩88,287 / night₩88,287 per night · ₩441,436 total₩441,436 totalShow price breakdown",https://www.airbnb.com/s/ignacio-zaragoza-i--Mexico-City/homes?tab_id=home_tab&refinement_paths%5B%5D=%2Fhomes&flexible_trip_lengths%5B%5D=one_week&monthly_start_date=2023-07-01&monthly_length=3&price_filter_input_type=0&price_filter_num_nights=5&channel=EXPLORE&date_picker_type=calendar&source=structured_search_input_header&search_type=search_query&items_offset=36,19.41514,-99.10799
46,/rooms/898099817927010082?adults=1&children=0&enable_m3_private_room=true&infants=0&pets=0&check_in=2023-08-01&check_out=2023-08-06&source_impression_id=p3_1688405578_BTk4RTkwKRjjdwF5&previous_page_section_name=1000&federated_search_id=e74913f5-53e5-45db-8c0d-0a4ec7659b26,Condo in Mexico City,Bonito departamento Foro Sol y Aeropuerto.,2 queen beds,"₩78,671 / night₩78,671 per night · ₩393,353 total₩393,353 totalShow price breakdown",https://www.airbnb.com/s/ignacio-zaragoza-i--Mexico-City/homes?tab_id=home_tab&refinement_paths%5B%5D=%2Fhomes&flexible_trip_lengths%5B%5D=one_week&monthly_start_date=2023-07-01&monthly_length=3&price_filter_input_type=0&price_filter_num_nights=5&channel=EXPLORE&date_picker_type=calendar&source=structured_search_input_header&search_type=search_query&items_offset=36,19.3985,-99.0905
47,/rooms/48502399?adults=1&children=0&enable_m3_private_room=true&infants=0&pets=0&check_in=2023-07-17&check_out=2023-07-22&source_impression_id=p3_1688405578_jVvXFD04uw%2BoiUAb&previous_page_section_name=1000&federated_search_id=e74913f5-53e5-45db-8c0d-0a4ec7659b26,Apartment in Mexico City,*3Recamaras/7huespedes-5minApto-ForoSol-PalacioDep,4 beds,"₩56,642 / night₩56,642 per night · ₩283,212 total₩283,212 totalShow price breakdown",https://www.airbnb.com/s/ignacio-zaragoza-i--Mexico-City/homes?tab_id=home_tab&refinement_paths%5B%5D=%2Fhomes&flexible_trip_lengths%5B%5D=one_week&monthly_start_date=2023-07-01&monthly_length=3&price_filter_input_type=0&price_filter_num_nights=5&channel=EXPLORE&date_picker_type=calendar&source=structured_search_input_header&search_type=search_query&items_offset=36,19.41612,-99.08437
48,/rooms/761077923782200109?adults=1&children=0&enable_m3_private_room=true&infants=0&pets=0&check_in=2023-07-08&check_out=2023-07-15&source_impression_id=p3_1688405578_oTnDNpNByDUiNOOQ&previous_page_section_name=1000&federated_search_id=e74913f5-53e5-45db-8c0d-0a4ec7659b26,Condo in Jardin Balbuena,"Nice, comfortable and cozy apartment",2 beds,"₩57,572 / night₩57,572 per night · ₩403,006 total₩403,006 totalShow price breakdown",https://www.airbnb.com/s/ignacio-zaragoza-i--Mexico-City/homes?tab_id=home_tab&refinement_paths%5B%5D=%2Fhomes&flexible_trip_lengths%5B%5D=one_week&monthly_start_date=2023-07-01&monthly_length=3&price_filter_input_type=0&price_filter_num_nights=5&channel=EXPLORE&date_picker_type=calendar&source=structured_search_input_header&search_type=search_query&items_offset=36,19.41376,-99.10156
49,/rooms/599231942580882875?adults=1&children=0&enable_m3_private_room=true&infants=0&pets=0&check_in=2023-07-04&check_out=2023-07-09&source_impression_id=p3_1688405578_JUZXeBiUi3hxzFgB&previous_page_section_name=1000&federated_search_id=e74913f5-53e5-45db-8c0d-0a4ec7659b26,Vacation home in Federal,Apartment near the Airport and Foro Sol,2 beds,"₩64,190 / night₩64,190 per night · ₩320,951 total₩320,951 totalShow price breakdown",https://www.airbnb.com/s/ignacio-zaragoza-i--Mexico-City/homes?tab_id=home_tab&refinement_paths%5B%5D=%2Fhomes&flexible_trip_lengths%5B%5D=one_week&monthly_start_date=2023-07-01&monthly_length=3&price_filter_input_type=0&price_filter_num_nights=5&channel=EXPLORE&date_picker_type=calendar&source=structured_search_input_header&search_type=search_query&items_offset=36,19.41863,-99.0844
50,/rooms/600195692185182931?adults=1&category_tag=Tag%3A8678&children=0&enable_m3_private_room=true&infants=0&pets=0&check_in=2023-07-03&check_out=2023-07-08&source_impression_id=p3_1688405578_Ww6S9uK7TKSh74eE&previous_page_section_name=1000&federated_search_id=e74913f5-53e5-45db-8c0d-0a4ec7659b26,Room in Ignacio Zaragoza,Nice apartment near the airport and sun forum,Stay with Linda,"₩60,544 / night₩60,544 per night · ₩302,720 total₩302,720 totalShow price breakdown",https://www.airbnb.com/s/ignacio-zaragoza-i--Mexico-City/homes?tab_id=home_tab&refinement_paths%5B%5D=%2Fhomes&flexible_trip_lengths%5B%5D=one_week&monthly_start_date=2023-07-01&monthly_length=3&price_filter_input_type=0&price_filter_num_nights=5&channel=EXPLORE&date_picker_type=calendar&source=structured_search_input_header&search_type=search_query&items_offset=36,19.41374,-99.09385
51,/rooms/712310421672651204?adults=1&children=0&enable_m3_private_room=true&infants=0&pets=0&check_in=2023-07-03&check_out=2023-07-08&source_impression_id=p3_1688405578_IRqe11c4XjYAONgS&previous_page_section_name=1000&federated_search_id=e74913f5-53e5-45db-8c0d-0a4ec7659b26,Loft in Federal,Loft hermoso a 5 minutos del Aeropuerto,4 beds,"₩240,973 / night₩240,973 per night · ₩1,204,863 total₩1,204,863 totalShow price breakdown",https://www.airbnb.com/s/ignacio-zaragoza-i--Mexico-City/homes?tab_id=home_tab&refinement_paths%5B%5D=%2Fhomes&flexible_trip_lengths%5B%5D=one_week&monthly_start_date=2023-07-01&monthly_length=3&price_filter_input_type=0&price_filter_num_nights=5&channel=EXPLORE&date_picker_type=calendar&source=structured_search_input_header&search_type=search_query&items_offset=36,19.4184,-99.095
52,/rooms/53127393?adults=1&children=0&enable_m3_private_room=true&infants=0&pets=0&check_in=2023-07-05&check_out=2023-07-11&source_impression_id=p3_1688405578_oyU9W84qZpVg2fgi&previous_page_section_name=1000&federated_search_id=e74913f5-53e5-45db-8c0d-0a4ec7659b26,Condo in Mexico City,"Dept Azul (T2, Foro Sol, Palacio, Autódromo)",2 double beds,"₩74,592 / night₩74,592 per night · ₩447,554 total₩447,554 totalShow price breakdown",https://www.airbnb.com/s/ignacio-zaragoza-i--Mexico-City/homes?tab_id=home_tab&refinement_paths%5B%5D=%2Fhomes&flexible_trip_lengths%5B%5D=one_week&monthly_start_date=2023-07-01&monthly_length=3&price_filter_input_type=0&price_filter_num_nights=5&channel=EXPLORE&date_picker_type=calendar&source=structured_search_input_header&search_type=search_query&items_offset=36,19.41015,-99.07845
53,/rooms/607648097809078771?adults=1&children=0&enable_m3_private_room=true&infants=0&pets=0&check_in=2023-07-11&check_out=2023-07-16&source_impression_id=p3_1688405578_3x1BmDXxKBe3JkG5&previous_page_section_name=1000&federated_search_id=e74913f5-53e5-45db-8c0d-0a4ec7659b26,Condo in Mexico City,Nice apartment near Foro Sol,3 beds,"₩88,103 / night₩88,103 per night · ₩440,513 total₩440,513 totalShow price breakdown",https://www.airbnb.com/s/ignacio-zaragoza-i--Mexico-City/homes?tab_id=home_tab&refinement_paths%5B%5D=%2Fhomes&flexible_trip_lengths%5B%5D=one_week&monthly_start_date=2023-07-01&monthly_length=3&price_filter_input_type=0&price_filter_num_nights=5&channel=EXPLORE&date_picker_type=calendar&source=structured_search_input_header&search_type=search_query&items_offset=36,19.39979,-99.08997
54,/rooms/717091021993454197?adults=1&children=0&enable_m3_private_room=true&infants=0&pets=0&check_in=2023-07-16&check_out=2023-07-22&source_impression_id=p3_1688405610_3cKlN6jEww65WG%2BZ&previous_page_section_name=1000&federated_search_id=b3dd9bc7-7ac4-4e01-b718-f0c99db51f3d,Condo in Mexico City,Nice apartment II near Foro Sol,3 beds,"128 лв. 117 лв. night117 лв. per night, originally 128 лв. · 699 лв. total699 лв. totalShow price breakdown",https://www.airbnb.com/s/ignacio-zaragoza-i--Mexico-City/homes?tab_id=home_tab&refinement_paths%5B%5D=%2Fhomes&flexible_trip_lengths%5B%5D=one_week&monthly_start_date=2023-07-01&monthly_length=3&price_filter_input_type=0&price_filter_num_nights=5&channel=EXPLORE&date_picker_type=calendar&source=structured_search_input_header&search_type=search_query&items_offset=54,19.4008,-99.09694
55,/rooms/53127393?adults=1&children=0&enable_m3_private_room=true&infants=0&pets=0&check_in=2023-07-05&check_out=2023-07-11&source_impression_id=p3_1688405610_IaIJlMdTk0CLv1Bf&previous_page_section_name=1000&federated_search_id=b3dd9bc7-7ac4-4e01-b718-f0c99db51f3d,Condo in Mexico City,"Dept Azul (T2, Foro Sol, Palacio, Autódromo)",2 double beds,104 лв. night104 лв. per night · 622 лв. total622 лв. totalShow price breakdown,https://www.airbnb.com/s/ignacio-zaragoza-i--Mexico-City/homes?tab_id=home_tab&refinement_paths%5B%5D=%2Fhomes&flexible_trip_lengths%5B%5D=one_week&monthly_start_date=2023-07-01&monthly_length=3&price_filter_input_type=0&price_filter_num_nights=5&channel=EXPLORE&date_picker_type=calendar&source=structured_search_input_header&search_type=search_query&items_offset=54,19.41015,-99.07845
56,/rooms/770332528689091785?adults=1&children=0&enable_m3_private_room=true&infants=0&pets=0&check_in=2023-07-03&check_out=2023-07-08&source_impression_id=p3_1688405610_TDdGz1DzFvkvP%2F%2FE&previous_page_section_name=1000&federated_search_id=b3dd9bc7-7ac4-4e01-b718-f0c99db51f3d,Apartment in Mexico City,Beautiful apartment in Foro Sol y P De los depor,2 beds,137 лв. night137 лв. per night · 684 лв. total684 лв. totalShow price breakdown,https://www.airbnb.com/s/ignacio-zaragoza-i--Mexico-City/homes?tab_id=home_tab&refinement_paths%5B%5D=%2Fhomes&flexible_trip_lengths%5B%5D=one_week&monthly_start_date=2023-07-01&monthly_length=3&price_filter_input_type=0&price_filter_num_nights=5&channel=EXPLORE&date_picker_type=calendar&source=structured_search_input_header&search_type=search_query&items_offset=54,19.3987,-99.0906
57,/rooms/52634415?adults=1&children=0&enable_m3_private_room=true&infants=0&pets=0&check_in=2023-07-06&check_out=2023-07-11&source_impression_id=p3_1688405611_K4GOmT4LU0ExFv%2FJ&previous_page_section_name=1000&federated_search_id=b3dd9bc7-7ac4-4e01-b718-f0c99db51f3d,Apartment in Federal,"Home away from home:5 minARPT, Foro Sol, Autodromo",3 double beds,108 лв. night108 лв. per night · 540 лв. total540 лв. totalShow price breakdown,https://www.airbnb.com/s/ignacio-zaragoza-i--Mexico-City/homes?tab_id=home_tab&refinement_paths%5B%5D=%2Fhomes&flexible_trip_lengths%5B%5D=one_week&monthly_start_date=2023-07-01&monthly_length=3&price_filter_input_type=0&price_filter_num_nights=5&channel=EXPLORE&date_picker_type=calendar&source=structured_search_input_header&search_type=search_query&items_offset=54,19.42216,-99.08659
58,/rooms/754578383495064024?adults=1&children=0&enable_m3_private_room=true&infants=0&pets=0&check_in=2023-08-04&check_out=2023-08-09&source_impression_id=p3_1688405611_%2BibndwGp5olf4NnQ&previous_page_section_name=1000&federated_search_id=b3dd9bc7-7ac4-4e01-b718-f0c99db51f3d,Guesthouse in Agrícola Pantitlán,Complete Cabin Very Close to CDMX Airport Foro Sol,2 beds,55 лв. night55 лв. per night · 275 лв. total275 лв. totalShow price breakdown,https://www.airbnb.com/s/ignacio-zaragoza-i--Mexico-City/homes?tab_id=home_tab&refinement_paths%5B%5D=%2Fhomes&flexible_trip_lengths%5B%5D=one_week&monthly_start_date=2023-07-01&monthly_length=3&price_filter_input_type=0&price_filter_num_nights=5&channel=EXPLORE&date_picker_type=calendar&source=structured_search_input_header&search_type=search_query&items_offset=54,19.40996,-99.06734
59,/rooms/52558107?adults=1&children=0&enable_m3_private_room=true&infants=0&pets=0&check_in=2023-09-11&check_out=2023-09-16&source_impression_id=p3_1688405611_TEt1XrSa05XPaDjS&previous_page_section_name=1000&federated_search_id=b3dd9bc7-7ac4-4e01-b718-f0c99db51f3d,Apartment in Ignacio Zaragoza,Depa Foro Sol/Airport,2 beds,82 лв. night82 лв. per night · 408 лв. total408 лв. totalShow price breakdown,https://www.airbnb.com/s/ignacio-zaragoza-i--Mexico-City/homes?tab_id=home_tab&refinement_paths%5B%5D=%2Fhomes&flexible_trip_lengths%5B%5D=one_week&monthly_start_date=2023-07-01&monthly_length=3&price_filter_input_type=0&price_filter_num_nights=5&channel=EXPLORE&date_picker_type=calendar&source=structured_search_input_header&search_type=search_query&items_offset=54,19.41269,-99.08982
60,/rooms/50224079?adults=1&children=0&enable_m3_private_room=true&infants=0&pets=0&check_in=2023-07-03&check_out=2023-07-08&source_impression_id=p3_1688405611_HzxftwnuvbXDfhWA&previous_page_section_name=1000&federated_search_id=b3dd9bc7-7ac4-4e01-b718-f0c99db51f3d,Condo in Mexico City,Departodromo,4 beds,116 лв. night116 лв. per night · 578 лв. total578 лв. totalShow price breakdown,https://www.airbnb.com/s/ignacio-zaragoza-i--Mexico-City/homes?tab_id=home_tab&refinement_paths%5B%5D=%2Fhomes&flexible_trip_lengths%5B%5D=one_week&monthly_start_date=2023-07-01&monthly_length=3&price_filter_input_type=0&price_filter_num_nights=5&channel=EXPLORE&date_picker_type=calendar&source=structured_search_input_header&search_type=search_query&items_offset=54,19.40152,-99.09113
61,/rooms/34618359?adults=1&children=0&enable_m3_private_room=true&infants=0&pets=0&check_in=2023-07-06&check_out=2023-07-11&source_impression_id=p3_1688405611_6aSFDIu2aGu4dl5q&previous_page_section_name=1000&federated_search_id=b3dd9bc7-7ac4-4e01-b718-f0c99db51f3d,Apartment in Moctezuma,"Airportfront Apt #302 """,3 beds,155 лв. night155 лв. per night · 771 лв. total771 лв. totalShow price breakdown,https://www.airbnb.com/s/ignacio-zaragoza-i--Mexico-City/homes?tab_id=home_tab&refinement_paths%5B%5D=%2Fhomes&flexible_trip_lengths%5B%5D=one_week&monthly_start_date=2023-07-01&monthly_length=3&price_filter_input_type=0&price_filter_num_nights=5&channel=EXPLORE&date_picker_type=calendar&source=structured_search_input_header&search_type=search_query&items_offset=54,19.42804,-99.0926
62,/rooms/888490782729280021?adults=1&category_tag=Tag%3A8678&children=0&enable_m3_private_room=true&infants=0&pets=0&check_in=2023-07-03&check_out=2023-07-08&source_impression_id=p3_1688405611_2LBDCsDiFJM%2BFuFb&previous_page_section_name=1000&federated_search_id=b3dd9bc7-7ac4-4e01-b718-f0c99db51f3d,Room in Granjas México,"Cuarto, cercano a foro sol",Stay with Linda Lizeth,91 лв. night91 лв. per night · 453 лв. total453 лв. totalShow price breakdown,https://www.airbnb.com/s/ignacio-zaragoza-i--Mexico-City/homes?tab_id=home_tab&refinement_paths%5B%5D=%2Fhomes&flexible_trip_lengths%5B%5D=one_week&monthly_start_date=2023-07-01&monthly_length=3&price_filter_input_type=0&price_filter_num_nights=5&channel=EXPLORE&date_picker_type=calendar&source=structured_search_input_header&search_type=search_query&items_offset=54,19.3983,-99.1003
63,/rooms/886939287624522857?adults=1&children=0&enable_m3_private_room=true&infants=0&pets=0&check_in=2023-07-03&check_out=2023-07-08&source_impression_id=p3_1688405611_wrLzbXowxm5mecss&previous_page_section_name=1000&federated_search_id=b3dd9bc7-7ac4-4e01-b718-f0c99db51f3d,Guesthouse in Ignacio Zaragoza,"Casa de Huéspedes El Pueblito ""Habitación El Oro""",1 double bed,"66 лв. 50 лв. night50 лв. per night, originally 66 лв. · 250 лв. total250 лв. totalShow price breakdown",https://www.airbnb.com/s/ignacio-zaragoza-i--Mexico-City/homes?tab_id=home_tab&refinement_paths%5B%5D=%2Fhomes&flexible_trip_lengths%5B%5D=one_week&monthly_start_date=2023-07-01&monthly_length=3&price_filter_input_type=0&price_filter_num_nights=5&channel=EXPLORE&date_picker_type=calendar&source=structured_search_input_header&search_type=search_query&items_offset=54,19.40933,-99.09079
64,/rooms/674931238587594075?adults=1&children=0&enable_m3_private_room=true&infants=0&pets=0&check_in=2023-07-04&check_out=2023-07-09&source_impression_id=p3_1688405611_ShF08kTp9uuFJxGO&previous_page_section_name=1000&federated_search_id=b3dd9bc7-7ac4-4e01-b718-f0c99db51f3d,Condo in Jardin Balbuena,Entire apartment 2 bedrooms 9-minutes from airport,2 double beds,"122 лв. 101 лв. night101 лв. per night, originally 122 лв. · 505 лв. total505 лв. totalShow price breakdown",https://www.airbnb.com/s/ignacio-zaragoza-i--Mexico-City/homes?tab_id=home_tab&refinement_paths%5B%5D=%2Fhomes&flexible_trip_lengths%5B%5D=one_week&monthly_start_date=2023-07-01&monthly_length=3&price_filter_input_type=0&price_filter_num_nights=5&channel=EXPLORE&date_picker_type=calendar&source=structured_search_input_header&search_type=search_query&items_offset=54,19.4138,-99.1029
65,/rooms/33165521?adults=1&children=0&enable_m3_private_room=true&infants=0&pets=0&check_in=2023-07-03&check_out=2023-07-09&source_impression_id=p3_1688405611_BqVeysAC2K22kDxG&previous_page_section_name=1000&federated_search_id=b3dd9bc7-7ac4-4e01-b718-f0c99db51f3d,Condo in Agrícola Oriental,Beautiful depto Foro Sol/Autódromo,3 beds,"145 лв. 125 лв. night125 лв. per night, originally 145 лв. · 747 лв. total747 лв. totalShow price breakdown",https://www.airbnb.com/s/ignacio-zaragoza-i--Mexico-City/homes?tab_id=home_tab&refinement_paths%5B%5D=%2Fhomes&flexible_trip_lengths%5B%5D=one_week&monthly_start_date=2023-07-01&monthly_length=3&price_filter_input_type=0&price_filter_num_nights=5&channel=EXPLORE&date_picker_type=calendar&source=structured_search_input_header&search_type=search_query&items_offset=54,19.40486,-99.07732
66,/rooms/916131415267188312?adults=1&category_tag=Tag%3A8678&children=0&enable_m3_private_room=true&infants=0&pets=0&check_in=2023-07-04&check_out=2023-07-09&source_impression_id=p3_1688405611_WDumR0a7qAbbZiv3&previous_page_section_name=1000&federated_search_id=b3dd9bc7-7ac4-4e01-b718-f0c99db51f3d,Room in Ignacio Zaragoza,Habitación a 10 min del Foro Sol,Stay with Maria Ana,58 лв. night58 лв. per night · 288 лв. total288 лв. totalShow price breakdown,https://www.airbnb.com/s/ignacio-zaragoza-i--Mexico-City/homes?tab_id=home_tab&refinement_paths%5B%5D=%2Fhomes&flexible_trip_lengths%5B%5D=one_week&monthly_start_date=2023-07-01&monthly_length=3&price_filter_input_type=0&price_filter_num_nights=5&channel=EXPLORE&date_picker_type=calendar&source=structured_search_input_header&search_type=search_query&items_offset=54,19.4121,-99.0868
67,/rooms/38326586?adults=1&children=0&enable_m3_private_room=true&infants=0&pets=0&check_in=2023-07-08&check_out=2023-07-13&source_impression_id=p3_1688405611_dqd47Lf3HiqX%2BF1l&previous_page_section_name=1000&federated_search_id=b3dd9bc7-7ac4-4e01-b718-f0c99db51f3d,Home in Jardin Balbuena,"Entire house 8 min airport, Foro Sol p/sports#",2 beds,"226 лв. 163 лв. night163 лв. per night, originally 226 лв. · 812 лв. total812 лв. totalShow price breakdown",https://www.airbnb.com/s/ignacio-zaragoza-i--Mexico-City/homes?tab_id=home_tab&refinement_paths%5B%5D=%2Fhomes&flexible_trip_lengths%5B%5D=one_week&monthly_start_date=2023-07-01&monthly_length=3&price_filter_input_type=0&price_filter_num_nights=5&channel=EXPLORE&date_picker_type=calendar&source=structured_search_input_header&search_type=search_query&items_offset=54,19.42092,-99.10162
68,/rooms/712310421672651204?adults=1&children=0&enable_m3_private_room=true&infants=0&pets=0&check_in=2023-07-03&check_out=2023-07-08&source_impression_id=p3_1688405611_MpK%2BO1SCCbYQW5Wf&previous_page_section_name=1000&federated_search_id=b3dd9bc7-7ac4-4e01-b718-f0c99db51f3d,Loft in Federal,Loft hermoso a 5 minutos del Aeropuerto,4 beds,"335 лв. night335 лв. per night · 1,675 лв. total1,675 лв. totalShow price breakdown",https://www.airbnb.com/s/ignacio-zaragoza-i--Mexico-City/homes?tab_id=home_tab&refinement_paths%5B%5D=%2Fhomes&flexible_trip_lengths%5B%5D=one_week&monthly_start_date=2023-07-01&monthly_length=3&price_filter_input_type=0&price_filter_num_nights=5&channel=EXPLORE&date_picker_type=calendar&source=structured_search_input_header&search_type=search_query&items_offset=54,19.4184,-99.095
69,/rooms/19306496?adults=1&children=0&enable_m3_private_room=true&infants=0&pets=0&check_in=2023-07-04&check_out=2023-07-09&source_impression_id=p3_1688405611_NASwxiUH%2Bos0QZhW&previous_page_section_name=1000&federated_search_id=b3dd9bc7-7ac4-4e01-b718-f0c99db51f3d,Condo in Mexico City,Foro Sol complete apartment in condominium,2 double beds,"129 лв. 101 лв. night101 лв. per night, originally 129 лв. · 503 лв. total503 лв. totalShow price breakdown",https://www.airbnb.com/s/ignacio-zaragoza-i--Mexico-City/homes?tab_id=home_tab&refinement_paths%5B%5D=%2Fhomes&flexible_trip_lengths%5B%5D=one_week&monthly_start_date=2023-07-01&monthly_length=3&price_filter_input_type=0&price_filter_num_nights=5&channel=EXPLORE&date_picker_type=calendar&source=structured_search_input_header&search_type=search_query&items_offset=54,19.40442,-99.11449
70,/rooms/900307211411972982?adults=1&children=0&enable_m3_private_room=true&infants=0&pets=0&check_in=2023-07-11&check_out=2023-07-16&source_impression_id=p3_1688405611_7aFzpEK1uEzOMytR&previous_page_section_name=1000&federated_search_id=b3dd9bc7-7ac4-4e01-b718-f0c99db51f3d,Apartment in Jardin Balbuena,Home cinema/Prime Location,4 beds,"107 лв. 94 лв. night94 лв. per night, originally 107 лв. · 470 лв. total470 лв. totalShow price breakdown",https://www.airbnb.com/s/ignacio-zaragoza-i--Mexico-City/homes?tab_id=home_tab&refinement_paths%5B%5D=%2Fhomes&flexible_trip_lengths%5B%5D=one_week&monthly_start_date=2023-07-01&monthly_length=3&price_filter_input_type=0&price_filter_num_nights=5&channel=EXPLORE&date_picker_type=calendar&source=structured_search_input_header&search_type=search_query&items_offset=54,19.415942475599593,-99.10306932945132
71,/rooms/799382825769779013?adults=1&children=0&enable_m3_private_room=true&infants=0&pets=0&check_in=2023-07-12&check_out=2023-07-17&source_impression_id=p3_1688405611_CHxtuIWDqDai6iue&previous_page_section_name=1000&federated_search_id=b3dd9bc7-7ac4-4e01-b718-f0c99db51f3d,Condo in Mexico City,Apartment  in front of Foro Sol and 8min from AICM,3 beds,"299 лв. night299 лв. per night · 1,494 лв. total1,494 лв. totalShow price breakdown",https://www.airbnb.com/s/ignacio-zaragoza-i--Mexico-City/homes?tab_id=home_tab&refinement_paths%5B%5D=%2Fhomes&flexible_trip_lengths%5B%5D=one_week&monthly_start_date=2023-07-01&monthly_length=3&price_filter_input_type=0&price_filter_num_nights=5&channel=EXPLORE&date_picker_type=calendar&source=structured_search_input_header&search_type=search_query&items_offset=54,19.3992,-99.0926
72,/rooms/556763595892302226?adults=1&children=0&enable_m3_private_room=true&infants=0&pets=0&check_in=2023-07-03&check_out=2023-07-08&source_impression_id=p3_1688405647_xhoTCEKuHajEmn2j&previous_page_section_name=1000&federated_search_id=1d6a92aa-16a2-4e8e-aad8-a38bad785318,Loft in Puebla,Loft Lujo Puebla Excelente Ubicación,2 beds,"$35 $29 night$29 per night, originally $35",https://www.airbnb.com/s/ignacio-zaragoza-i--Mexico-City/homes?tab_id=home_tab&refinement_paths%5B%5D=%2Fhomes&flexible_trip_lengths%5B%5D=one_week&monthly_start_date=2023-07-01&monthly_length=3&price_filter_input_type=0&price_filter_num_nights=5&channel=EXPLORE&date_picker_type=calendar&source=structured_search_input_header&search_type=search_query&items_offset=72,19.04609,-98.24498
73,/rooms/39726548?adults=1&children=0&enable_m3_private_room=true&infants=0&pets=0&check_in=2023-07-04&check_out=2023-07-09&source_impression_id=p3_1688405647_2nT38x2Oucrn2q5m&previous_page_section_name=1000&federated_search_id=1d6a92aa-16a2-4e8e-aad8-a38bad785318,Apartment in Heroica Puebla de Zaragoza,TU APARTMENT EN PUEBLA (4 PEOPLE),3 beds,$35 night$35 per night,https://www.airbnb.com/s/ignacio-zaragoza-i--Mexico-City/homes?tab_id=home_tab&refinement_paths%5B%5D=%2Fhomes&flexible_trip_lengths%5B%5D=one_week&monthly_start_date=2023-07-01&monthly_length=3&price_filter_input_type=0&price_filter_num_nights=5&channel=EXPLORE&date_picker_type=calendar&source=structured_search_input_header&search_type=search_query&items_offset=72,19.0721,-98.16428
74,/rooms/600776608857948919?adults=1&children=0&enable_m3_private_room=true&infants=0&pets=0&check_in=2023-07-03&check_out=2023-07-09&source_impression_id=p3_1688405647_2FEf0HofvKgg%2BfUJ&previous_page_section_name=1000&federated_search_id=1d6a92aa-16a2-4e8e-aad8-a38bad785318,Loft in Heroica Puebla de Zaragoza,Suite  moderna centro histórico Puebla,1 queen bed,$41 night$41 per night,https://www.airbnb.com/s/ignacio-zaragoza-i--Mexico-City/homes?tab_id=home_tab&refinement_paths%5B%5D=%2Fhomes&flexible_trip_lengths%5B%5D=one_week&monthly_start_date=2023-07-01&monthly_length=3&price_filter_input_type=0&price_filter_num_nights=5&channel=EXPLORE&date_picker_type=calendar&source=structured_search_input_header&search_type=search_query&items_offset=72,19.04456,-98.20463
75,/rooms/654217370187838609?adults=1&children=0&enable_m3_private_room=true&infants=0&pets=0&check_in=2023-07-24&check_out=2023-07-29&source_impression_id=p3_1688405647_si0U1kfbkHanWdK5&previous_page_section_name=1000&federated_search_id=1d6a92aa-16a2-4e8e-aad8-a38bad785318,Home in Heroica Puebla de Zaragoza,The Limoncito green house. Your best choice in Puebla,4 beds,$42 night$42 per night,https://www.airbnb.com/s/ignacio-zaragoza-i--Mexico-City/homes?tab_id=home_tab&refinement_paths%5B%5D=%2Fhomes&flexible_trip_lengths%5B%5D=one_week&monthly_start_date=2023-07-01&monthly_length=3&price_filter_input_type=0&price_filter_num_nights=5&channel=EXPLORE&date_picker_type=calendar&source=structured_search_input_header&search_type=search_query&items_offset=72,19.01347,-98.19102
76,/rooms/44253265?adults=1&children=0&enable_m3_private_room=true&infants=0&pets=0&check_in=2023-07-14&check_out=2023-07-19&source_impression_id=p3_1688405647_li1btPisawieBWyK&previous_page_section_name=1000&federated_search_id=1d6a92aa-16a2-4e8e-aad8-a38bad785318,Home in Heroica Puebla de Zaragoza,Heart of Puebla. We billed,4 beds,$47 night$47 per night,https://www.airbnb.com/s/ignacio-zaragoza-i--Mexico-City/homes?tab_id=home_tab&refinement_paths%5B%5D=%2Fhomes&flexible_trip_lengths%5B%5D=one_week&monthly_start_date=2023-07-01&monthly_length=3&price_filter_input_type=0&price_filter_num_nights=5&channel=EXPLORE&date_picker_type=calendar&source=structured_search_input_header&search_type=search_query&items_offset=72,19.03814,-98.19664
77,/rooms/31266327?adults=1&children=0&enable_m3_private_room=true&infants=0&pets=0&check_in=2023-07-03&check_out=2023-07-08&source_impression_id=p3_1688405647_XFQxpGihmtuYJgU5&previous_page_section_name=1000&federated_search_id=1d6a92aa-16a2-4e8e-aad8-a38bad785318,Place to stay in Heroica Puebla de Zaragoza,La Casita de Juana Pancha (mini-house / boutique),2 beds,"$26 $23 night$23 per night, originally $26",https://www.airbnb.com/s/ignacio-zaragoza-i--Mexico-City/homes?tab_id=home_tab&refinement_paths%5B%5D=%2Fhomes&flexible_trip_lengths%5B%5D=one_week&monthly_start_date=2023-07-01&monthly_length=3&price_filter_input_type=0&price_filter_num_nights=5&channel=EXPLORE&date_picker_type=calendar&source=structured_search_input_header&search_type=search_query&items_offset=72,19.0415,-98.1824
78,/rooms/43248735?adults=1&children=0&enable_m3_private_room=true&infants=0&pets=0&check_in=2023-07-19&check_out=2023-07-24&source_impression_id=p3_1688405647_jc8pl%2F%2BjQY%2BBeWMF&previous_page_section_name=1000&federated_search_id=1d6a92aa-16a2-4e8e-aad8-a38bad785318,Guest suite in Heroica Puebla de Zaragoza,Comfy and stylish Suite in Downtown Puebla,1 double bed,$31 night$31 per night,https://www.airbnb.com/s/ignacio-zaragoza-i--Mexico-City/homes?tab_id=home_tab&refinement_paths%5B%5D=%2Fhomes&flexible_trip_lengths%5B%5D=one_week&monthly_start_date=2023-07-01&monthly_length=3&price_filter_input_type=0&price_filter_num_nights=5&channel=EXPLORE&date_picker_type=calendar&source=structured_search_input_header&search_type=search_query&items_offset=72,19.04635,-98.20561
79,/rooms/826274664357192946?adults=1&children=0&enable_m3_private_room=true&infants=0&pets=0&check_in=2023-07-04&check_out=2023-07-09&source_impression_id=p3_1688405647_we%2FHd5E41lGDIlcb&previous_page_section_name=1000&federated_search_id=1d6a92aa-16a2-4e8e-aad8-a38bad785318,Boutique hotel in Heroica Puebla de Zaragoza,"Suite Boutique, Centro Histórico (Hab Tequila).",2 queen beds,$52 night$52 per night,https://www.airbnb.com/s/ignacio-zaragoza-i--Mexico-City/homes?tab_id=home_tab&refinement_paths%5B%5D=%2Fhomes&flexible_trip_lengths%5B%5D=one_week&monthly_start_date=2023-07-01&monthly_length=3&price_filter_input_type=0&price_filter_num_nights=5&channel=EXPLORE&date_picker_type=calendar&source=structured_search_input_header&search_type=search_query&items_offset=72,19.04051,-98.18935
80,/rooms/609641465322222414?adults=1&children=0&enable_m3_private_room=true&infants=0&pets=0&check_in=2023-07-03&check_out=2023-07-08&source_impression_id=p3_1688405647_6P%2BIHtQRWaD2To1V&previous_page_section_name=1000&federated_search_id=1d6a92aa-16a2-4e8e-aad8-a38bad785318,Condo in Heroica Puebla de Zaragoza,"Apartamento Único en Puebla, lujo y ubicación.",1 king bed,"$153 $127 night$127 per night, originally $153",https://www.airbnb.com/s/ignacio-zaragoza-i--Mexico-City/homes?tab_id=home_tab&refinement_paths%5B%5D=%2Fhomes&flexible_trip_lengths%5B%5D=one_week&monthly_start_date=2023-07-01&monthly_length=3&price_filter_input_type=0&price_filter_num_nights=5&channel=EXPLORE&date_picker_type=calendar&source=structured_search_input_header&search_type=search_query&items_offset=72,19.03406,-98.22945
81,/rooms/19984108?adults=1&children=0&enable_m3_private_room=true&infants=0&pets=0&check_in=2023-07-03&check_out=2023-07-08&source_impression_id=p3_1688405647_4ObdBYttLzq%2FPu%2BN&previous_page_section_name=1000&federated_search_id=1d6a92aa-16a2-4e8e-aad8-a38bad785318,Apartment in Heroica Puebla de Zaragoza,"Double room Barrio del Alto, Historical center",1 double bed,$22 night$22 per night,https://www.airbnb.com/s/ignacio-zaragoza-i--Mexico-City/homes?tab_id=home_tab&refinement_paths%5B%5D=%2Fhomes&flexible_trip_lengths%5B%5D=one_week&monthly_start_date=2023-07-01&monthly_length=3&price_filter_input_type=0&price_filter_num_nights=5&channel=EXPLORE&date_picker_type=calendar&source=structured_search_input_header&search_type=search_query&items_offset=72,19.04509,-98.18941
82,/rooms/22283148?adults=1&children=0&enable_m3_private_room=true&infants=0&pets=0&check_in=2023-07-16&check_out=2023-07-21&source_impression_id=p3_1688405647_KHULhmE4nDzqZKnV&previous_page_section_name=1000&federated_search_id=1d6a92aa-16a2-4e8e-aad8-a38bad785318,Apartment in Heroica Puebla de Zaragoza,Casa de Los Pajaros,1 queen bed,$53 night$53 per night,https://www.airbnb.com/s/ignacio-zaragoza-i--Mexico-City/homes?tab_id=home_tab&refinement_paths%5B%5D=%2Fhomes&flexible_trip_lengths%5B%5D=one_week&monthly_start_date=2023-07-01&monthly_length=3&price_filter_input_type=0&price_filter_num_nights=5&channel=EXPLORE&date_picker_type=calendar&source=structured_search_input_header&search_type=search_query&items_offset=72,19.04214,-98.19632
83,/rooms/879987072270685904?adults=1&children=0&enable_m3_private_room=true&infants=0&pets=0&check_in=2023-07-03&check_out=2023-07-08&source_impression_id=p3_1688405647_fuVdJcQc33o76pRd&previous_page_section_name=1000&federated_search_id=1d6a92aa-16a2-4e8e-aad8-a38bad785318,Apartment in Heroica Puebla de Zaragoza,Departamento céntrico y privado en la cd. Puebla,1 double bed,$17 night$17 per night,https://www.airbnb.com/s/ignacio-zaragoza-i--Mexico-City/homes?tab_id=home_tab&refinement_paths%5B%5D=%2Fhomes&flexible_trip_lengths%5B%5D=one_week&monthly_start_date=2023-07-01&monthly_length=3&price_filter_input_type=0&price_filter_num_nights=5&channel=EXPLORE&date_picker_type=calendar&source=structured_search_input_header&search_type=search_query&items_offset=72,19.0459,-98.1887
84,/rooms/912433581377730337?adults=1&children=0&enable_m3_private_room=true&infants=0&pets=0&check_in=2023-07-08&check_out=2023-07-13&source_impression_id=p3_1688405647_p4Rg9z4ISbWcXX5t&previous_page_section_name=1000&federated_search_id=1d6a92aa-16a2-4e8e-aad8-a38bad785318,Place to stay in Heroica Puebla de Zaragoza,MiniPent,1 bed,"$26 $20 night$20 per night, originally $26",https://www.airbnb.com/s/ignacio-zaragoza-i--Mexico-City/homes?tab_id=home_tab&refinement_paths%5B%5D=%2Fhomes&flexible_trip_lengths%5B%5D=one_week&monthly_start_date=2023-07-01&monthly_length=3&price_filter_input_type=0&price_filter_num_nights=5&channel=EXPLORE&date_picker_type=calendar&source=structured_search_input_header&search_type=search_query&items_offset=72,19.011768962416948,-98.18108938631195
85,/rooms/692211205324420807?adults=1&children=0&enable_m3_private_room=true&infants=0&pets=0&check_in=2023-07-21&check_out=2023-07-26&source_impression_id=p3_1688405647_6Li2xJrzphj7qRL3&previous_page_section_name=1000&federated_search_id=1d6a92aa-16a2-4e8e-aad8-a38bad785318,Apartment in Heroica Puebla de Zaragoza,"Vista de Ensueño, Ubicación Perfecta, Piso 24",2 beds,$65 night$65 per night,https://www.airbnb.com/s/ignacio-zaragoza-i--Mexico-City/homes?tab_id=home_tab&refinement_paths%5B%5D=%2Fhomes&flexible_trip_lengths%5B%5D=one_week&monthly_start_date=2023-07-01&monthly_length=3&price_filter_input_type=0&price_filter_num_nights=5&channel=EXPLORE&date_picker_type=calendar&source=structured_search_input_header&search_type=search_query&items_offset=72,19.03425,-98.22974
86,/rooms/845720341984334642?adults=1&children=0&enable_m3_private_room=true&infants=0&pets=0&check_in=2023-07-10&check_out=2023-07-15&source_impression_id=p3_1688405647_5Pov1PBDIcQYFnYT&previous_page_section_name=1000&federated_search_id=1d6a92aa-16a2-4e8e-aad8-a38bad785318,Guesthouse in Heroica Puebla de Zaragoza,Centrally located in Puebla,1 bed,$17 night$17 per night,https://www.airbnb.com/s/ignacio-zaragoza-i--Mexico-City/homes?tab_id=home_tab&refinement_paths%5B%5D=%2Fhomes&flexible_trip_lengths%5B%5D=one_week&monthly_start_date=2023-07-01&monthly_length=3&price_filter_input_type=0&price_filter_num_nights=5&channel=EXPLORE&date_picker_type=calendar&source=structured_search_input_header&search_type=search_query&items_offset=72,19.07239,-98.16734
87,/rooms/866958245678941618?adults=1&children=0&enable_m3_private_room=true&infants=0&pets=0&check_in=2023-07-04&check_out=2023-07-10&source_impression_id=p3_1688405647_5VTDiBbheZYgFQE9&previous_page_section_name=1000&federated_search_id=1d6a92aa-16a2-4e8e-aad8-a38bad785318,Home in Heroica Puebla de Zaragoza,Casa 2 pisos y estacionamiento,3 beds,$38 night$38 per night,https://www.airbnb.com/s/ignacio-zaragoza-i--Mexico-City/homes?tab_id=home_tab&refinement_paths%5B%5D=%2Fhomes&flexible_trip_lengths%5B%5D=one_week&monthly_start_date=2023-07-01&monthly_length=3&price_filter_input_type=0&price_filter_num_nights=5&channel=EXPLORE&date_picker_type=calendar&source=structured_search_input_header&search_type=search_query&items_offset=72,19.043,-98.14302
88,/rooms/25869762?adults=1&children=0&enable_m3_private_room=true&infants=0&pets=0&check_in=2023-07-05&check_out=2023-07-10&source_impression_id=p3_1688405647_LGiLhpCnFR8RMGTg&previous_page_section_name=1000&federated_search_id=1d6a92aa-16a2-4e8e-aad8-a38bad785318,Guest suite in Heroica Puebla de Zaragoza,The ENTIRE house * with Parking!  <3,1 double bed,$20 night$20 per night,https://www.airbnb.com/s/ignacio-zaragoza-i--Mexico-City/homes?tab_id=home_tab&refinement_paths%5B%5D=%2Fhomes&flexible_trip_lengths%5B%5D=one_week&monthly_start_date=2023-07-01&monthly_length=3&price_filter_input_type=0&price_filter_num_nights=5&channel=EXPLORE&date_picker_type=calendar&source=structured_search_input_header&search_type=search_query&items_offset=72,19.03741,-98.18381
89,/rooms/54198852?adults=1&children=0&enable_m3_private_room=true&infants=0&pets=0&check_in=2023-07-09&check_out=2023-07-14&source_impression_id=p3_1688405647_Frj%2BtME508rvaxkt&previous_page_section_name=1000&federated_search_id=1d6a92aa-16a2-4e8e-aad8-a38bad785318,Loft in Heroica Puebla de Zaragoza,Beautiful apartment with parking,1 bed,$33 night$33 per night,https://www.airbnb.com/s/ignacio-zaragoza-i--Mexico-City/homes?tab_id=home_tab&refinement_paths%5B%5D=%2Fhomes&flexible_trip_lengths%5B%5D=one_week&monthly_start_date=2023-07-01&monthly_length=3&price_filter_input_type=0&price_filter_num_nights=5&channel=EXPLORE&date_picker_type=calendar&source=structured_search_input_header&search_type=search_query&items_offset=72,18.9981,-98.1792
90,/rooms/40989042?adults=1&children=0&enable_m3_private_room=true&infants=0&pets=0&check_in=2023-07-03&check_out=2023-07-08&source_impression_id=p3_1688405679_D2Yg1Z7G6rYHr9%2Fm&previous_page_section_name=1000&federated_search_id=ec0ac466-0a73-4a78-b7a5-e0b985d22048,Place to stay in Agrícola Oriental,Private Room Foro Sol T1,1 double bed,"¥ 3,114 night¥ 3,114 per night",https://www.airbnb.com/s/ignacio-zaragoza-i--Mexico-City/homes?tab_id=home_tab&refinement_paths%5B%5D=%2Fhomes&flexible_trip_lengths%5B%5D=one_week&monthly_start_date=2023-07-01&monthly_length=3&price_filter_input_type=0&price_filter_num_nights=5&channel=EXPLORE&date_picker_type=calendar&source=structured_search_input_header&search_type=search_query&items_offset=90,19.39652,-99.08012
91,/rooms/21513004?adults=1&category_tag=Tag%3A8678&children=0&enable_m3_private_room=true&infants=0&pets=0&check_in=2023-07-03&check_out=2023-07-08&source_impression_id=p3_1688405679_zGAku5TCp6CRu0A%2B&previous_page_section_name=1000&federated_search_id=ec0ac466-0a73-4a78-b7a5-e0b985d22048,Room in Jardin Balbuena,Large room Close to airport and concert,Stay with Mich,"¥ 6,029 night¥ 6,029 per night",https://www.airbnb.com/s/ignacio-zaragoza-i--Mexico-City/homes?tab_id=home_tab&refinement_paths%5B%5D=%2Fhomes&flexible_trip_lengths%5B%5D=one_week&monthly_start_date=2023-07-01&monthly_length=3&price_filter_input_type=0&price_filter_num_nights=5&channel=EXPLORE&date_picker_type=calendar&source=structured_search_input_header&search_type=search_query&items_offset=90,19.41691,-99.10602
92,/rooms/54342140?adults=1&category_tag=Tag%3A8678&children=0&enable_m3_private_room=true&infants=0&pets=0&check_in=2023-07-06&check_out=2023-07-11&source_impression_id=p3_1688405679_h2bzVg6ANq0UU6OG&previous_page_section_name=1000&federated_search_id=ec0ac466-0a73-4a78-b7a5-e0b985d22048,Room in Moctezuma,Stay with Claudia,Stay with Claudia,"¥ 4,788 night¥ 4,788 per night",https://www.airbnb.com/s/ignacio-zaragoza-i--Mexico-City/homes?tab_id=home_tab&refinement_paths%5B%5D=%2Fhomes&flexible_trip_lengths%5B%5D=one_week&monthly_start_date=2023-07-01&monthly_length=3&price_filter_input_type=0&price_filter_num_nights=5&channel=EXPLORE&date_picker_type=calendar&source=structured_search_input_header&search_type=search_query&items_offset=90,19.4316,-99.093
93,/rooms/867375482706026455?adults=1&children=0&enable_m3_private_room=true&infants=0&pets=0&check_in=2023-07-04&check_out=2023-07-11&source_impression_id=p3_1688405679_AcXP5WEF6DvIl9Pm&previous_page_section_name=1000&federated_search_id=ec0ac466-0a73-4a78-b7a5-e0b985d22048,Loft in Jardin Balbuena,Cómodo y privado loft con terraza “Colibrí”,1 double bed,"¥ 7,743 ¥ 7,056 night¥ 7,056 per night, originally ¥ 7,743",https://www.airbnb.com/s/ignacio-zaragoza-i--Mexico-City/homes?tab_id=home_tab&refinement_paths%5B%5D=%2Fhomes&flexible_trip_lengths%5B%5D=one_week&monthly_start_date=2023-07-01&monthly_length=3&price_filter_input_type=0&price_filter_num_nights=5&channel=EXPLORE&date_picker_type=calendar&source=structured_search_input_header&search_type=search_query&items_offset=90,19.413857398813487,-99.11227979478873
94,/rooms/724899876468239766?adults=1&children=0&enable_m3_private_room=true&infants=0&pets=0&check_in=2023-07-04&check_out=2023-07-09&source_impression_id=p3_1688405679_oFukdoLNfcYI34ph&previous_page_section_name=1000&federated_search_id=ec0ac466-0a73-4a78-b7a5-e0b985d22048,Loft in Moctezuma,"Miniloft 1 Airport CDMX T1 and 2, Foro Sol, TAPO",2 beds,"¥ 5,195 ¥ 4,581 night¥ 4,581 per night, originally ¥ 5,195",https://www.airbnb.com/s/ignacio-zaragoza-i--Mexico-City/homes?tab_id=home_tab&refinement_paths%5B%5D=%2Fhomes&flexible_trip_lengths%5B%5D=one_week&monthly_start_date=2023-07-01&monthly_length=3&price_filter_input_type=0&price_filter_num_nights=5&channel=EXPLORE&date_picker_type=calendar&source=structured_search_input_header&search_type=search_query&items_offset=90,19.43368,-99.09531
95,/rooms/833704581432296570?adults=1&children=0&enable_m3_private_room=true&infants=0&pets=0&check_in=2023-07-11&check_out=2023-07-16&source_impression_id=p3_1688405679_DBSmcesQAQohTPxz&previous_page_section_name=1000&federated_search_id=ec0ac466-0a73-4a78-b7a5-e0b985d22048,Condo in Jardin Balbuena,"Cine en casa, depto cerca de conciertos.",4 beds,"¥ 7,432 ¥ 6,098 night¥ 6,098 per night, originally ¥ 7,432",https://www.airbnb.com/s/ignacio-zaragoza-i--Mexico-City/homes?tab_id=home_tab&refinement_paths%5B%5D=%2Fhomes&flexible_trip_lengths%5B%5D=one_week&monthly_start_date=2023-07-01&monthly_length=3&price_filter_input_type=0&price_filter_num_nights=5&channel=EXPLORE&date_picker_type=calendar&source=structured_search_input_header&search_type=search_query&items_offset=90,19.416262702804993,-99.10260543151136
96,/rooms/922597650932170102?adults=1&children=0&enable_m3_private_room=true&infants=0&pets=0&check_in=2023-07-30&check_out=2023-08-04&source_impression_id=p3_1688405679_e8USYh17Gk%2FvSt72&previous_page_section_name=1000&federated_search_id=ec0ac466-0a73-4a78-b7a5-e0b985d22048,Apartment in Jardin Balbuena,"Depa de 2-hab, 1 baño, y cocina",2 beds,"¥ 3,368 night¥ 3,368 per night",https://www.airbnb.com/s/ignacio-zaragoza-i--Mexico-City/homes?tab_id=home_tab&refinement_paths%5B%5D=%2Fhomes&flexible_trip_lengths%5B%5D=one_week&monthly_start_date=2023-07-01&monthly_length=3&price_filter_input_type=0&price_filter_num_nights=5&channel=EXPLORE&date_picker_type=calendar&source=structured_search_input_header&search_type=search_query&items_offset=90,19.4231,-99.1111
97,/rooms/19385145?adults=1&children=0&enable_m3_private_room=true&infants=0&pets=0&check_in=2023-07-22&check_out=2023-07-28&source_impression_id=p3_1688405679_s7QY1I4lVb56S9jq&previous_page_section_name=1000&federated_search_id=ec0ac466-0a73-4a78-b7a5-e0b985d22048,Apartment in Jardin Balbuena,"Mexico city Apartment; Downtown, Airport, Foro Sol",3 beds,"¥ 6,388 night¥ 6,388 per night",https://www.airbnb.com/s/ignacio-zaragoza-i--Mexico-City/homes?tab_id=home_tab&refinement_paths%5B%5D=%2Fhomes&flexible_trip_lengths%5B%5D=one_week&monthly_start_date=2023-07-01&monthly_length=3&price_filter_input_type=0&price_filter_num_nights=5&channel=EXPLORE&date_picker_type=calendar&source=structured_search_input_header&search_type=search_query&items_offset=90,19.4154,-99.113
98,/rooms/649257898929485676?adults=1&children=0&enable_m3_private_room=true&infants=0&pets=0&check_in=2023-07-10&check_out=2023-07-15&source_impression_id=p3_1688405679_I8bmSQJD0wZSLmI5&previous_page_section_name=1000&federated_search_id=ec0ac466-0a73-4a78-b7a5-e0b985d22048,Loft in Moctezuma,"Miniloft 10 CDMX Airport T1, 2  Foro Sol, TAPO",1 bed,"¥ 4,774 night¥ 4,774 per night",https://www.airbnb.com/s/ignacio-zaragoza-i--Mexico-City/homes?tab_id=home_tab&refinement_paths%5B%5D=%2Fhomes&flexible_trip_lengths%5B%5D=one_week&monthly_start_date=2023-07-01&monthly_length=3&price_filter_input_type=0&price_filter_num_nights=5&channel=EXPLORE&date_picker_type=calendar&source=structured_search_input_header&search_type=search_query&items_offset=90,19.4329,-99.0948
99,/rooms/34618359?adults=1&children=0&enable_m3_private_room=true&infants=0&pets=0&check_in=2023-07-06&check_out=2023-07-11&source_impression_id=p3_1688405679_LisaKejUh6SH7lRp&previous_page_section_name=1000&federated_search_id=ec0ac466-0a73-4a78-b7a5-e0b985d22048,Apartment in Moctezuma,"Airportfront Apt #302 """,3 beds,"¥ 9,703 night¥ 9,703 per night",https://www.airbnb.com/s/ignacio-zaragoza-i--Mexico-City/homes?tab_id=home_tab&refinement_paths%5B%5D=%2Fhomes&flexible_trip_lengths%5B%5D=one_week&monthly_start_date=2023-07-01&monthly_length=3&price_filter_input_type=0&price_filter_num_nights=5&channel=EXPLORE&date_picker_type=calendar&source=structured_search_input_header&search_type=search_query&items_offset=90,19.42804,-99.0926
100,/rooms/799382825769779013?adults=1&children=0&enable_m3_private_room=true&infants=0&pets=0&check_in=2023-07-12&check_out=2023-07-17&source_impression_id=p3_1688405679_qho2nXQh9WPoIfDS&previous_page_section_name=1000&federated_search_id=ec0ac466-0a73-4a78-b7a5-e0b985d22048,Condo in Mexico City,Apartment  in front of Foro Sol and 8min from AICM,3 beds,"¥ 19,325 night¥ 19,325 per night",https://www.airbnb.com/s/ignacio-zaragoza-i--Mexico-City/homes?tab_id=home_tab&refinement_paths%5B%5D=%2Fhomes&flexible_trip_lengths%5B%5D=one_week&monthly_start_date=2023-07-01&monthly_length=3&price_filter_input_type=0&price_filter_num_nights=5&channel=EXPLORE&date_picker_type=calendar&source=structured_search_input_header&search_type=search_query&items_offset=90,19.3992,-99.0926
101,/rooms/893242456737004158?adults=1&children=0&enable_m3_private_room=true&infants=0&pets=0&check_in=2023-07-04&check_out=2023-07-11&source_impression_id=p3_1688405679_PENSzENUVcVffuF5&previous_page_section_name=1000&federated_search_id=ec0ac466-0a73-4a78-b7a5-e0b985d22048,Apartment in Granjas México,Condominio cercano al Foro Sol,3 beds,"¥ 9,236 night¥ 9,236 per night",https://www.airbnb.com/s/ignacio-zaragoza-i--Mexico-City/homes?tab_id=home_tab&refinement_paths%5B%5D=%2Fhomes&flexible_trip_lengths%5B%5D=one_week&monthly_start_date=2023-07-01&monthly_length=3&price_filter_input_type=0&price_filter_num_nights=5&channel=EXPLORE&date_picker_type=calendar&source=structured_search_input_header&search_type=search_query&items_offset=90,19.3982,-99.1011
102,/rooms/785837538125848612?adults=1&children=0&enable_m3_private_room=true&infants=0&pets=0&check_in=2023-07-26&check_out=2023-07-31&source_impression_id=p3_1688405679_pmlHz812zG0BcEpq&previous_page_section_name=1000&federated_search_id=ec0ac466-0a73-4a78-b7a5-e0b985d22048,Apartment in Mexico City,Departodromo2.0,3 beds,"¥ 9,236 night¥ 9,236 per night",https://www.airbnb.com/s/ignacio-zaragoza-i--Mexico-City/homes?tab_id=home_tab&refinement_paths%5B%5D=%2Fhomes&flexible_trip_lengths%5B%5D=one_week&monthly_start_date=2023-07-01&monthly_length=3&price_filter_input_type=0&price_filter_num_nights=5&channel=EXPLORE&date_picker_type=calendar&source=structured_search_input_header&search_type=search_query&items_offset=90,19.401279002091883,-99.0904499583554
103,/rooms/54361633?adults=1&category_tag=Tag%3A8678&children=0&enable_m3_private_room=true&infants=0&pets=0&check_in=2023-07-03&check_out=2023-07-08&source_impression_id=p3_1688405679_ZI7q6AsF67lAYwJ4&previous_page_section_name=1000&federated_search_id=ec0ac466-0a73-4a78-b7a5-e0b985d22048,Room in Granjas México,Stay with Edith,Stay with Edith,"¥ 5,772 night¥ 5,772 per night",https://www.airbnb.com/s/ignacio-zaragoza-i--Mexico-City/homes?tab_id=home_tab&refinement_paths%5B%5D=%2Fhomes&flexible_trip_lengths%5B%5D=one_week&monthly_start_date=2023-07-01&monthly_length=3&price_filter_input_type=0&price_filter_num_nights=5&channel=EXPLORE&date_picker_type=calendar&source=structured_search_input_header&search_type=search_query&items_offset=90,19.39836,-99.10249
104,/rooms/31826101?adults=1&children=0&enable_m3_private_room=true&infants=0&pets=0&check_in=2023-07-16&check_out=2023-07-23&source_impression_id=p3_1688405679_ZUljNk%2FiVoPAh05f&previous_page_section_name=1000&federated_search_id=ec0ac466-0a73-4a78-b7a5-e0b985d22048,Apartment in Agrícola Oriental,Ice HOME! Safe and comfortable near Autódromo,1 double bed,"¥ 6,215 ¥ 5,666 night¥ 5,666 per night, originally ¥ 6,215",https://www.airbnb.com/s/ignacio-zaragoza-i--Mexico-City/homes?tab_id=home_tab&refinement_paths%5B%5D=%2Fhomes&flexible_trip_lengths%5B%5D=one_week&monthly_start_date=2023-07-01&monthly_length=3&price_filter_input_type=0&price_filter_num_nights=5&channel=EXPLORE&date_picker_type=calendar&source=structured_search_input_header&search_type=search_query&items_offset=90,19.40414,-99.07372
105,/rooms/29157206?adults=1&children=0&enable_m3_private_room=true&infants=0&pets=0&check_in=2023-07-11&check_out=2023-07-16&source_impression_id=p3_1688405679_DATMBp9531vbMMd%2B&previous_page_section_name=1000&federated_search_id=ec0ac466-0a73-4a78-b7a5-e0b985d22048,Apartment in Peñon de Los Baños,Small Near the Airport Apartment (T1),1 double bed,"¥ 6,412 night¥ 6,412 per night",https://www.airbnb.com/s/ignacio-zaragoza-i--Mexico-City/homes?tab_id=home_tab&refinement_paths%5B%5D=%2Fhomes&flexible_trip_lengths%5B%5D=one_week&monthly_start_date=2023-07-01&monthly_length=3&price_filter_input_type=0&price_filter_num_nights=5&channel=EXPLORE&date_picker_type=calendar&source=structured_search_input_header&search_type=search_query&items_offset=90,19.43793,-99.08206
106,/rooms/580704761446104772?adults=1&children=0&enable_m3_private_room=true&infants=0&pets=0&check_in=2023-07-03&check_out=2023-07-08&source_impression_id=p3_1688405679_4gqwf1SSMZAR5UOv&previous_page_section_name=1000&federated_search_id=ec0ac466-0a73-4a78-b7a5-e0b985d22048,Apartment in Jardin Balbuena,"Modern, cozy apartment, close to Foro Sol",4 beds,"¥ 6,859 night¥ 6,859 per night",https://www.airbnb.com/s/ignacio-zaragoza-i--Mexico-City/homes?tab_id=home_tab&refinement_paths%5B%5D=%2Fhomes&flexible_trip_lengths%5B%5D=one_week&monthly_start_date=2023-07-01&monthly_length=3&price_filter_input_type=0&price_filter_num_nights=5&channel=EXPLORE&date_picker_type=calendar&source=structured_search_input_header&search_type=search_query&items_offset=90,19.40812,-99.10871
107,/rooms/680596204817194801?adults=1&category_tag=Tag%3A8678&children=0&enable_m3_private_room=true&infants=0&pets=0&check_in=2023-07-04&check_out=2023-07-10&source_impression_id=p3_1688405679_jf3tEwM7%2B2UkTj%2Bo&previous_page_section_name=1000&federated_search_id=ec0ac466-0a73-4a78-b7a5-e0b985d22048,Room in Moctezuma,Stay with Claudia,Stay with Claudia,"¥ 3,763 night¥ 3,763 per night",https://www.airbnb.com/s/ignacio-zaragoza-i--Mexico-City/homes?tab_id=home_tab&refinement_paths%5B%5D=%2Fhomes&flexible_trip_lengths%5B%5D=one_week&monthly_start_date=2023-07-01&monthly_length=3&price_filter_input_type=0&price_filter_num_nights=5&channel=EXPLORE&date_picker_type=calendar&source=structured_search_input_header&search_type=search_query&items_offset=90,19.43231,-99.09364
108,/rooms/718393869426022780?adults=1&category_tag=Tag%3A8678&children=0&enable_m3_private_room=true&infants=0&pets=0&check_in=2023-07-03&check_out=2023-07-08&source_impression_id=p3_1688405711_YQVBMFyjIkrcGapU&previous_page_section_name=1000&federated_search_id=451ba5b6-f60e-4312-91ce-214c95b4e3ce,Room in Jardin Balbuena,Room with independent access,Stay with Leon Alejandro,￥128 night￥128 per night,https://www.airbnb.com/s/ignacio-zaragoza-i--Mexico-City/homes?tab_id=home_tab&refinement_paths%5B%5D=%2Fhomes&flexible_trip_lengths%5B%5D=one_week&monthly_start_date=2023-07-01&monthly_length=3&price_filter_input_type=0&price_filter_num_nights=5&channel=EXPLORE&date_picker_type=calendar&source=structured_search_input_header&search_type=search_query&items_offset=108,19.41644745845112,-99.10904420207878
109,/rooms/904565802326534114?adults=1&category_tag=Tag%3A8678&children=0&enable_m3_private_room=true&infants=0&pets=0&check_in=2023-07-04&check_out=2023-07-09&source_impression_id=p3_1688405711_ukz0evqYZWV8p7WY&previous_page_section_name=1000&federated_search_id=451ba5b6-f60e-4312-91ce-214c95b4e3ce,Room in Mexico City,Para después de tu concierto,Stay with Daniel,￥242 night￥242 per night,https://www.airbnb.com/s/ignacio-zaragoza-i--Mexico-City/homes?tab_id=home_tab&refinement_paths%5B%5D=%2Fhomes&flexible_trip_lengths%5B%5D=one_week&monthly_start_date=2023-07-01&monthly_length=3&price_filter_input_type=0&price_filter_num_nights=5&channel=EXPLORE&date_picker_type=calendar&source=structured_search_input_header&search_type=search_query&items_offset=108,19.39761,-99.08982
110,/rooms/42585558?adults=1&children=0&enable_m3_private_room=true&infants=0&pets=0&check_in=2023-08-01&check_out=2023-08-06&source_impression_id=p3_1688405711_bEAknvNQblXgrY1b&previous_page_section_name=1000&federated_search_id=451ba5b6-f60e-4312-91ce-214c95b4e3ce,Loft in Granjas México,Excellent mini apartment attached to the Foro Sol,2 beds,￥181 night￥181 per night,https://www.airbnb.com/s/ignacio-zaragoza-i--Mexico-City/homes?tab_id=home_tab&refinement_paths%5B%5D=%2Fhomes&flexible_trip_lengths%5B%5D=one_week&monthly_start_date=2023-07-01&monthly_length=3&price_filter_input_type=0&price_filter_num_nights=5&channel=EXPLORE&date_picker_type=calendar&source=structured_search_input_header&search_type=search_query&items_offset=108,19.40081,-99.10076
111,/rooms/737959796907908613?adults=1&children=0&enable_m3_private_room=true&infants=0&pets=0&check_in=2023-07-03&check_out=2023-07-08&source_impression_id=p3_1688405711_FeCOZ0JUX4I4CfeD&previous_page_section_name=1000&federated_search_id=451ba5b6-f60e-4312-91ce-214c95b4e3ce,Apartment in Agrícola Oriental,"Department Autódromo F1, Foro Sol, Aeropuerto",4 beds,￥430 night￥430 per night,https://www.airbnb.com/s/ignacio-zaragoza-i--Mexico-City/homes?tab_id=home_tab&refinement_paths%5B%5D=%2Fhomes&flexible_trip_lengths%5B%5D=one_week&monthly_start_date=2023-07-01&monthly_length=3&price_filter_input_type=0&price_filter_num_nights=5&channel=EXPLORE&date_picker_type=calendar&source=structured_search_input_header&search_type=search_query&items_offset=108,19.3938,-99.082
112,/rooms/40989042?adults=1&children=0&enable_m3_private_room=true&infants=0&pets=0&check_in=2023-07-03&check_out=2023-07-08&source_impression_id=p3_1688405711_GAaffdbFjxBYUxE%2F&previous_page_section_name=1000&federated_search_id=451ba5b6-f60e-4312-91ce-214c95b4e3ce,Place to stay in Agrícola Oriental,Private Room Foro Sol T1,1 double bed,￥157 night￥157 per night,https://www.airbnb.com/s/ignacio-zaragoza-i--Mexico-City/homes?tab_id=home_tab&refinement_paths%5B%5D=%2Fhomes&flexible_trip_lengths%5B%5D=one_week&monthly_start_date=2023-07-01&monthly_length=3&price_filter_input_type=0&price_filter_num_nights=5&channel=EXPLORE&date_picker_type=calendar&source=structured_search_input_header&search_type=search_query&items_offset=108,19.39652,-99.08012
113,/rooms/34575328?adults=1&children=0&enable_m3_private_room=true&infants=0&pets=0&check_in=2023-07-03&check_out=2023-07-08&source_impression_id=p3_1688405711_T90cfAQJjNkuRFyP&previous_page_section_name=1000&federated_search_id=451ba5b6-f60e-4312-91ce-214c95b4e3ce,Apartment in Agrícola Oriental,Comfortable apartment 10 minutes from Foro Sol !,3 beds,￥342 night￥342 per night,https://www.airbnb.com/s/ignacio-zaragoza-i--Mexico-City/homes?tab_id=home_tab&refinement_paths%5B%5D=%2Fhomes&flexible_trip_lengths%5B%5D=one_week&monthly_start_date=2023-07-01&monthly_length=3&price_filter_input_type=0&price_filter_num_nights=5&channel=EXPLORE&date_picker_type=calendar&source=structured_search_input_header&search_type=search_query&items_offset=108,19.39978,-99.06766
114,/rooms/565207661736258430?adults=1&category_tag=Tag%3A8678&children=0&enable_m3_private_room=true&infants=0&pets=0&check_in=2023-07-03&check_out=2023-07-08&source_impression_id=p3_1688405711_K9IWHA3aIh41BgHN&previous_page_section_name=1000&federated_search_id=451ba5b6-f60e-4312-91ce-214c95b4e3ce,Room in Agrícola Oriental,Stay with Angie,Stay with Angie,￥290 night￥290 per night,https://www.airbnb.com/s/ignacio-zaragoza-i--Mexico-City/homes?tab_id=home_tab&refinement_paths%5B%5D=%2Fhomes&flexible_trip_lengths%5B%5D=one_week&monthly_start_date=2023-07-01&monthly_length=3&price_filter_input_type=0&price_filter_num_nights=5&channel=EXPLORE&date_picker_type=calendar&source=structured_search_input_header&search_type=search_query&items_offset=108,19.40638,-99.07618
115,/rooms/910095594562979956?adults=1&children=0&enable_m3_private_room=true&infants=0&pets=0&check_in=2023-07-14&check_out=2023-07-19&source_impression_id=p3_1688405711_2%2FwvYsECYAglAtLJ&previous_page_section_name=1000&federated_search_id=451ba5b6-f60e-4312-91ce-214c95b4e3ce,Apartment in Jardin Balbuena,Apto a 5min F1/ForoSol/Palacio Deportes/Aeropuerto,4 beds,￥370 night￥370 per night,https://www.airbnb.com/s/ignacio-zaragoza-i--Mexico-City/homes?tab_id=home_tab&refinement_paths%5B%5D=%2Fhomes&flexible_trip_lengths%5B%5D=one_week&monthly_start_date=2023-07-01&monthly_length=3&price_filter_input_type=0&price_filter_num_nights=5&channel=EXPLORE&date_picker_type=calendar&source=structured_search_input_header&search_type=search_query&items_offset=108,19.4201,-99.09954
116,/rooms/626799088238187256?adults=1&category_tag=Tag%3A8678&children=0&enable_m3_private_room=true&infants=0&pets=0&check_in=2023-07-03&check_out=2023-07-08&source_impression_id=p3_1688405711_GGE5czfWFfedvf7p&previous_page_section_name=1000&federated_search_id=451ba5b6-f60e-4312-91ce-214c95b4e3ce,Room in Jardin Balbuena,Concert or Flight? ForoSol & Airport 10min away! B,Stay with David,￥376 night￥376 per night,https://www.airbnb.com/s/ignacio-zaragoza-i--Mexico-City/homes?tab_id=home_tab&refinement_paths%5B%5D=%2Fhomes&flexible_trip_lengths%5B%5D=one_week&monthly_start_date=2023-07-01&monthly_length=3&price_filter_input_type=0&price_filter_num_nights=5&channel=EXPLORE&date_picker_type=calendar&source=structured_search_input_header&search_type=search_query&items_offset=108,19.4194,-99.10316
117,/rooms/38326586?adults=1&children=0&enable_m3_private_room=true&infants=0&pets=0&check_in=2023-07-08&check_out=2023-07-13&source_impression_id=p3_1688405711_TFCiZBhHFIqL7oM9&previous_page_section_name=1000&federated_search_id=451ba5b6-f60e-4312-91ce-214c95b4e3ce,Home in Jardin Balbuena,"Entire house 8 min airport, Foro Sol p/sports#",2 beds,￥491 night￥491 per night,https://www.airbnb.com/s/ignacio-zaragoza-i--Mexico-City/homes?tab_id=home_tab&refinement_paths%5B%5D=%2Fhomes&flexible_trip_lengths%5B%5D=one_week&monthly_start_date=2023-07-01&monthly_length=3&price_filter_input_type=0&price_filter_num_nights=5&channel=EXPLORE&date_picker_type=calendar&source=structured_search_input_header&search_type=search_query&items_offset=108,19.42092,-99.10162
118,/rooms/785484771967062728?adults=1&children=0&enable_m3_private_room=true&infants=0&pets=0&check_in=2023-07-03&check_out=2023-07-08&source_impression_id=p3_1688405711_4H6kojKFe4JzzCOo&previous_page_section_name=1000&federated_search_id=451ba5b6-f60e-4312-91ce-214c95b4e3ce,Apartment in Granjas México,Nice apartment in Mexico City,2 beds,￥390 night￥390 per night,https://www.airbnb.com/s/ignacio-zaragoza-i--Mexico-City/homes?tab_id=home_tab&refinement_paths%5B%5D=%2Fhomes&flexible_trip_lengths%5B%5D=one_week&monthly_start_date=2023-07-01&monthly_length=3&price_filter_input_type=0&price_filter_num_nights=5&channel=EXPLORE&date_picker_type=calendar&source=structured_search_input_header&search_type=search_query&items_offset=108,19.3983,-99.1058
119,/rooms/833554096007674530?adults=1&category_tag=Tag%3A8678&children=0&enable_m3_private_room=true&infants=0&pets=0&check_in=2023-07-06&check_out=2023-07-11&source_impression_id=p3_1688405711_AQtDTI2P4kt55CaD&previous_page_section_name=1000&federated_search_id=451ba5b6-f60e-4312-91ce-214c95b4e3ce,Room in Agrícola Oriental,Stay with Efrain,Stay with Efrain,￥194 night￥194 per night,https://www.airbnb.com/s/ignacio-zaragoza-i--Mexico-City/homes?tab_id=home_tab&refinement_paths%5B%5D=%2Fhomes&flexible_trip_lengths%5B%5D=one_week&monthly_start_date=2023-07-01&monthly_length=3&price_filter_input_type=0&price_filter_num_nights=5&channel=EXPLORE&date_picker_type=calendar&source=structured_search_input_header&search_type=search_query&items_offset=108,19.3946,-99.0732
120,/rooms/867543459507473126?adults=1&children=0&enable_m3_private_room=true&infants=0&pets=0&check_in=2023-07-03&check_out=2023-07-08&source_impression_id=p3_1688405711_NCNKGkbqckC8u%2F2c&previous_page_section_name=1000&federated_search_id=451ba5b6-f60e-4312-91ce-214c95b4e3ce,Loft in Jardin Balbuena,Cómodo y privado loft con terraza “Zotz”,1 double bed,￥372 night￥372 per night,https://www.airbnb.com/s/ignacio-zaragoza-i--Mexico-City/homes?tab_id=home_tab&refinement_paths%5B%5D=%2Fhomes&flexible_trip_lengths%5B%5D=one_week&monthly_start_date=2023-07-01&monthly_length=3&price_filter_input_type=0&price_filter_num_nights=5&channel=EXPLORE&date_picker_type=calendar&source=structured_search_input_header&search_type=search_query&items_offset=108,19.413846713475774,-99.1139325823528
121,/rooms/46543182?adults=1&children=0&enable_m3_private_room=true&infants=0&pets=0&check_in=2023-07-04&check_out=2023-07-09&source_impression_id=p3_1688405711_Gty0ObSLuWhXjOc3&previous_page_section_name=1000&federated_search_id=451ba5b6-f60e-4312-91ce-214c95b4e3ce,Apartment in Granjas México,Plutarco F205,2 double beds,￥462 night￥462 per night,https://www.airbnb.com/s/ignacio-zaragoza-i--Mexico-City/homes?tab_id=home_tab&refinement_paths%5B%5D=%2Fhomes&flexible_trip_lengths%5B%5D=one_week&monthly_start_date=2023-07-01&monthly_length=3&price_filter_input_type=0&price_filter_num_nights=5&channel=EXPLORE&date_picker_type=calendar&source=structured_search_input_header&search_type=search_query&items_offset=108,19.3974,-99.1012
122,/rooms/19306496?adults=1&children=0&enable_m3_private_room=true&infants=0&pets=0&check_in=2023-07-04&check_out=2023-07-09&source_impression_id=p3_1688405711_XEM%2BBYQWkAp8PbZp&previous_page_section_name=1000&federated_search_id=451ba5b6-f60e-4312-91ce-214c95b4e3ce,Condo in Mexico City,Foro Sol complete apartment in condominium,2 double beds,￥304 night￥304 per night,https://www.airbnb.com/s/ignacio-zaragoza-i--Mexico-City/homes?tab_id=home_tab&refinement_paths%5B%5D=%2Fhomes&flexible_trip_lengths%5B%5D=one_week&monthly_start_date=2023-07-01&monthly_length=3&price_filter_input_type=0&price_filter_num_nights=5&channel=EXPLORE&date_picker_type=calendar&source=structured_search_input_header&search_type=search_query&items_offset=108,19.40442,-99.11449
123,/rooms/677820500257466231?adults=1&children=0&enable_m3_private_room=true&infants=0&pets=0&check_in=2023-07-22&check_out=2023-07-27&source_impression_id=p3_1688405711_Qo3P9fgDd0b2O8Hf&previous_page_section_name=1000&federated_search_id=451ba5b6-f60e-4312-91ce-214c95b4e3ce,Loft in Moctezuma,"Minioft 4 Airport CDMX T1 and T2 Foro Sol, TAPO",1 double bed,￥294 night￥294 per night,https://www.airbnb.com/s/ignacio-zaragoza-i--Mexico-City/homes?tab_id=home_tab&refinement_paths%5B%5D=%2Fhomes&flexible_trip_lengths%5B%5D=one_week&monthly_start_date=2023-07-01&monthly_length=3&price_filter_input_type=0&price_filter_num_nights=5&channel=EXPLORE&date_picker_type=calendar&source=structured_search_input_header&search_type=search_query&items_offset=108,19.4329,-99.0948
124,/rooms/39797487?adults=1&category_tag=Tag%3A8678&children=0&enable_m3_private_room=true&infants=0&pets=0&check_in=2023-07-03&check_out=2023-07-08&source_impression_id=p3_1688405711_vXcg9DBnchE%2BEkqS&previous_page_section_name=1000&federated_search_id=451ba5b6-f60e-4312-91ce-214c95b4e3ce,Room in Moctezuma,"Lodging CDMX Airport T1 & T2, Foro Sol, TAPO",Stay with Adrián,￥188 night￥188 per night,https://www.airbnb.com/s/ignacio-zaragoza-i--Mexico-City/homes?tab_id=home_tab&refinement_paths%5B%5D=%2Fhomes&flexible_trip_lengths%5B%5D=one_week&monthly_start_date=2023-07-01&monthly_length=3&price_filter_input_type=0&price_filter_num_nights=5&channel=EXPLORE&date_picker_type=calendar&source=structured_search_input_header&search_type=search_query&items_offset=108,19.4336,-99.0931
125,/rooms/18718750?adults=1&category_tag=Tag%3A8678&children=0&enable_m3_private_room=true&infants=0&pets=0&check_in=2023-07-17&check_out=2023-07-22&source_impression_id=p3_1688405711_oQp%2FbecSZeBMBQBV&previous_page_section_name=1000&federated_search_id=451ba5b6-f60e-4312-91ce-214c95b4e3ce,Room in Jardin Balbuena,Casa Q BnB,Stay with May,￥436 night￥436 per night,https://www.airbnb.com/s/ignacio-zaragoza-i--Mexico-City/homes?tab_id=home_tab&refinement_paths%5B%5D=%2Fhomes&flexible_trip_lengths%5B%5D=one_week&monthly_start_date=2023-07-01&monthly_length=3&price_filter_input_type=0&price_filter_num_nights=5&channel=EXPLORE&date_picker_type=calendar&source=structured_search_input_header&search_type=search_query&items_offset=108,19.41111,-99.10133
126,/rooms/51958690?adults=1&children=0&enable_m3_private_room=true&infants=0&pets=0&check_in=2023-07-03&check_out=2023-07-08&source_impression_id=p3_1688405744_L2B9ocEABgfCu5B6&previous_page_section_name=1000&federated_search_id=8abeb3e7-addd-4956-bb1d-c68d161600b9,Condo in Puebla,"Phenomenal Loft, Spacious and Comfortable Historic Center",2 queen beds,"$60 $35 night$35 per night, originally $60",https://www.airbnb.com/s/ignacio-zaragoza-i--Mexico-City/homes?tab_id=home_tab&refinement_paths%5B%5D=%2Fhomes&flexible_trip_lengths%5B%5D=one_week&monthly_start_date=2023-07-01&monthly_length=3&price_filter_input_type=0&price_filter_num_nights=5&channel=EXPLORE&date_picker_type=calendar&source=structured_search_input_header&search_type=search_query&items_offset=126,19.04373,-98.20333
127,/rooms/794245809129282755?adults=1&children=0&enable_m3_private_room=true&infants=0&pets=0&check_in=2023-07-09&check_out=2023-07-14&source_impression_id=p3_1688405744_OSgehh2bat2v15Q%2F&previous_page_section_name=1000&federated_search_id=8abeb3e7-addd-4956-bb1d-c68d161600b9,Apartment in Puebla,Luxurious apartment in historic building SV311-09,2 beds,$50 night$50 per night,https://www.airbnb.com/s/ignacio-zaragoza-i--Mexico-City/homes?tab_id=home_tab&refinement_paths%5B%5D=%2Fhomes&flexible_trip_lengths%5B%5D=one_week&monthly_start_date=2023-07-01&monthly_length=3&price_filter_input_type=0&price_filter_num_nights=5&channel=EXPLORE&date_picker_type=calendar&source=structured_search_input_header&search_type=search_query&items_offset=126,19.0433,-98.2027
128,/rooms/25715049?adults=1&children=0&enable_m3_private_room=true&infants=0&pets=0&check_in=2023-07-12&check_out=2023-07-17&source_impression_id=p3_1688405744_Oz6A%2FHqvlGtOxUGR&previous_page_section_name=1000&federated_search_id=8abeb3e7-addd-4956-bb1d-c68d161600b9,Guest suite in Puebla,SEPARATE home ***Close to Analco! <3,1 double bed,$19 night$19 per night,https://www.airbnb.com/s/ignacio-zaragoza-i--Mexico-City/homes?tab_id=home_tab&refinement_paths%5B%5D=%2Fhomes&flexible_trip_lengths%5B%5D=one_week&monthly_start_date=2023-07-01&monthly_length=3&price_filter_input_type=0&price_filter_num_nights=5&channel=EXPLORE&date_picker_type=calendar&source=structured_search_input_header&search_type=search_query&items_offset=126,19.03577,-98.18261
129,/rooms/51795822?adults=1&children=0&enable_m3_private_room=true&infants=0&pets=0&check_in=2023-07-21&check_out=2023-07-27&source_impression_id=p3_1688405744_4NapavhuInLxK6To&previous_page_section_name=1000&federated_search_id=8abeb3e7-addd-4956-bb1d-c68d161600b9,Apartment in Puebla,Moderno departamento con espectacular vista,3 beds,$94 night$94 per night,https://www.airbnb.com/s/ignacio-zaragoza-i--Mexico-City/homes?tab_id=home_tab&refinement_paths%5B%5D=%2Fhomes&flexible_trip_lengths%5B%5D=one_week&monthly_start_date=2023-07-01&monthly_length=3&price_filter_input_type=0&price_filter_num_nights=5&channel=EXPLORE&date_picker_type=calendar&source=structured_search_input_header&search_type=search_query&items_offset=126,19.06199,-98.25138
130,/rooms/50137451?adults=1&children=0&enable_m3_private_room=true&infants=0&pets=0&check_in=2023-07-09&check_out=2023-07-14&source_impression_id=p3_1688405744_a7fQ5NsKbTi3tMEq&previous_page_section_name=1000&federated_search_id=8abeb3e7-addd-4956-bb1d-c68d161600b9,Loft in Puebla,"El poblanito, nice apartment!!!",2 double beds,$23 night$23 per night,https://www.airbnb.com/s/ignacio-zaragoza-i--Mexico-City/homes?tab_id=home_tab&refinement_paths%5B%5D=%2Fhomes&flexible_trip_lengths%5B%5D=one_week&monthly_start_date=2023-07-01&monthly_length=3&price_filter_input_type=0&price_filter_num_nights=5&channel=EXPLORE&date_picker_type=calendar&source=structured_search_input_header&search_type=search_query&items_offset=126,19.04586,-98.18072
131,/rooms/53966475?adults=1&children=0&enable_m3_private_room=true&infants=0&pets=0&check_in=2023-07-03&check_out=2023-07-08&source_impression_id=p3_1688405744_l8u3fC7CzAhgbbzO&previous_page_section_name=1000&federated_search_id=8abeb3e7-addd-4956-bb1d-c68d161600b9,Cottage in Puebla,"Casa Hobbitt
Ecoresidencial Landscape Terra",3 beds,$76 night$76 per night,https://www.airbnb.com/s/ignacio-zaragoza-i--Mexico-City/homes?tab_id=home_tab&refinement_paths%5B%5D=%2Fhomes&flexible_trip_lengths%5B%5D=one_week&monthly_start_date=2023-07-01&monthly_length=3&price_filter_input_type=0&price_filter_num_nights=5&channel=EXPLORE&date_picker_type=calendar&source=structured_search_input_header&search_type=search_query&items_offset=126,18.9586,-98.194
132,/rooms/31601797?adults=1&children=0&enable_m3_private_room=true&infants=0&pets=0&check_in=2023-07-04&check_out=2023-07-09&source_impression_id=p3_1688405744_cVxnzaz1azqp2ec5&previous_page_section_name=1000&federated_search_id=8abeb3e7-addd-4956-bb1d-c68d161600b9,Place to stay in Puebla,1 Stadiums (private rooms),4 beds,$23 night$23 per night,https://www.airbnb.com/s/ignacio-zaragoza-i--Mexico-City/homes?tab_id=home_tab&refinement_paths%5B%5D=%2Fhomes&flexible_trip_lengths%5B%5D=one_week&monthly_start_date=2023-07-01&monthly_length=3&price_filter_input_type=0&price_filter_num_nights=5&channel=EXPLORE&date_picker_type=calendar&source=structured_search_input_header&search_type=search_query&items_offset=126,19.0736,-98.1648
133,/rooms/821090571533962194?adults=1&children=0&enable_m3_private_room=true&infants=0&pets=0&check_in=2023-07-09&check_out=2023-07-14&source_impression_id=p3_1688405744_WBwS1H3ghG1kenAp&previous_page_section_name=1000&federated_search_id=8abeb3e7-addd-4956-bb1d-c68d161600b9,Apartment in Puebla,Beautiful Loft with privileged location and view,2 beds,"$61 $55 night$55 per night, originally $61",https://www.airbnb.com/s/ignacio-zaragoza-i--Mexico-City/homes?tab_id=home_tab&refinement_paths%5B%5D=%2Fhomes&flexible_trip_lengths%5B%5D=one_week&monthly_start_date=2023-07-01&monthly_length=3&price_filter_input_type=0&price_filter_num_nights=5&channel=EXPLORE&date_picker_type=calendar&source=structured_search_input_header&search_type=search_query&items_offset=126,19.0283,-98.2366
134,/rooms/22454302?adults=1&children=0&enable_m3_private_room=true&infants=0&pets=0&check_in=2023-07-12&check_out=2023-07-17&source_impression_id=p3_1688405744_asNE0fxfuJQBD%2BuC&previous_page_section_name=1000&federated_search_id=8abeb3e7-addd-4956-bb1d-c68d161600b9,Apartment in Puebla,Casa de los Venados,1 double bed,$50 night$50 per night,https://www.airbnb.com/s/ignacio-zaragoza-i--Mexico-City/homes?tab_id=home_tab&refinement_paths%5B%5D=%2Fhomes&flexible_trip_lengths%5B%5D=one_week&monthly_start_date=2023-07-01&monthly_length=3&price_filter_input_type=0&price_filter_num_nights=5&channel=EXPLORE&date_picker_type=calendar&source=structured_search_input_header&search_type=search_query&items_offset=126,19.04142,-98.19422
135,/rooms/792745325817249871?adults=1&children=0&enable_m3_private_room=true&infants=0&pets=0&check_in=2023-07-08&check_out=2023-07-13&source_impression_id=p3_1688405744_b3KEvvFjodheCL8n&previous_page_section_name=1000&federated_search_id=8abeb3e7-addd-4956-bb1d-c68d161600b9,Tiny home in Puebla,Alojamiento Privado con estacionamiento,2 beds,$25 night$25 per night,https://www.airbnb.com/s/ignacio-zaragoza-i--Mexico-City/homes?tab_id=home_tab&refinement_paths%5B%5D=%2Fhomes&flexible_trip_lengths%5B%5D=one_week&monthly_start_date=2023-07-01&monthly_length=3&price_filter_input_type=0&price_filter_num_nights=5&channel=EXPLORE&date_picker_type=calendar&source=structured_search_input_header&search_type=search_query&items_offset=126,19.04822,-98.1323
136,/rooms/645643219704783506?adults=1&children=0&enable_m3_private_room=true&infants=0&pets=0&check_in=2023-08-27&check_out=2023-09-01&source_impression_id=p3_1688405744_GbKLZKIdXLntQzVQ&previous_page_section_name=1000&federated_search_id=8abeb3e7-addd-4956-bb1d-c68d161600b9,Houseboat in Puebla,Mångata Floating Cabin  • Del Lago Mx •,1 king bed,$126 night$126 per night,https://www.airbnb.com/s/ignacio-zaragoza-i--Mexico-City/homes?tab_id=home_tab&refinement_paths%5B%5D=%2Fhomes&flexible_trip_lengths%5B%5D=one_week&monthly_start_date=2023-07-01&monthly_length=3&price_filter_input_type=0&price_filter_num_nights=5&channel=EXPLORE&date_picker_type=calendar&source=structured_search_input_header&search_type=search_query&items_offset=126,18.92802,-98.13135
137,/rooms/52425053?adults=1&children=0&enable_m3_private_room=true&infants=0&pets=0&check_in=2023-07-30&check_out=2023-08-04&source_impression_id=p3_1688405744_NuiVLH7Bj9YwXLX4&previous_page_section_name=1000&federated_search_id=8abeb3e7-addd-4956-bb1d-c68d161600b9,Loft in Puebla,Casa Elena Garro Suite Remodeled Downtown Historic,1 bed,"$39 $26 night$26 per night, originally $39",https://www.airbnb.com/s/ignacio-zaragoza-i--Mexico-City/homes?tab_id=home_tab&refinement_paths%5B%5D=%2Fhomes&flexible_trip_lengths%5B%5D=one_week&monthly_start_date=2023-07-01&monthly_length=3&price_filter_input_type=0&price_filter_num_nights=5&channel=EXPLORE&date_picker_type=calendar&source=structured_search_input_header&search_type=search_query&items_offset=126,19.04438,-98.20223
138,/rooms/54020917?adults=1&children=0&enable_m3_private_room=true&infants=0&pets=0&check_in=2023-07-03&check_out=2023-07-08&source_impression_id=p3_1688405744_jkVyWYUIgSEnIjpY&previous_page_section_name=1000&federated_search_id=8abeb3e7-addd-4956-bb1d-c68d161600b9,Condo in Puebla,Analco Suites 12,3 beds,$29 night$29 per night,https://www.airbnb.com/s/ignacio-zaragoza-i--Mexico-City/homes?tab_id=home_tab&refinement_paths%5B%5D=%2Fhomes&flexible_trip_lengths%5B%5D=one_week&monthly_start_date=2023-07-01&monthly_length=3&price_filter_input_type=0&price_filter_num_nights=5&channel=EXPLORE&date_picker_type=calendar&source=structured_search_input_header&search_type=search_query&items_offset=126,19.03638,-98.18848
139,/rooms/32493705?adults=1&children=0&enable_m3_private_room=true&infants=0&pets=0&check_in=2023-07-03&check_out=2023-07-08&source_impression_id=p3_1688405744_6gtg5Ckdu5HWYomZ&previous_page_section_name=1000&federated_search_id=8abeb3e7-addd-4956-bb1d-c68d161600b9,Home in Puebla,Vacation home for friends or family,3 beds,$58 night$58 per night,https://www.airbnb.com/s/ignacio-zaragoza-i--Mexico-City/homes?tab_id=home_tab&refinement_paths%5B%5D=%2Fhomes&flexible_trip_lengths%5B%5D=one_week&monthly_start_date=2023-07-01&monthly_length=3&price_filter_input_type=0&price_filter_num_nights=5&channel=EXPLORE&date_picker_type=calendar&source=structured_search_input_header&search_type=search_query&items_offset=126,19.05068,-98.18529
140,/rooms/41940847?adults=1&children=0&enable_m3_private_room=true&infants=0&pets=0&check_in=2023-08-25&check_out=2023-08-30&source_impression_id=p3_1688405744_0HFRtD0D2EVYbtDI&previous_page_section_name=1000&federated_search_id=8abeb3e7-addd-4956-bb1d-c68d161600b9,Condo in Puebla,Torre Anzures 803,2 double beds,$48 night$48 per night,https://www.airbnb.com/s/ignacio-zaragoza-i--Mexico-City/homes?tab_id=home_tab&refinement_paths%5B%5D=%2Fhomes&flexible_trip_lengths%5B%5D=one_week&monthly_start_date=2023-07-01&monthly_length=3&price_filter_input_type=0&price_filter_num_nights=5&channel=EXPLORE&date_picker_type=calendar&source=structured_search_input_header&search_type=search_query&items_offset=126,19.02422,-98.19739
141,/rooms/844251297032039679?adults=1&children=0&enable_m3_private_room=true&infants=0&pets=0&check_in=2023-07-04&check_out=2023-07-09&source_impression_id=p3_1688405744_s6aO0Y7n%2FK3jJL5a&previous_page_section_name=1000&federated_search_id=8abeb3e7-addd-4956-bb1d-c68d161600b9,Apartment in Puebla,"Beautiful view, loft and terrace. Downtown",2 single beds,$25 night$25 per night,https://www.airbnb.com/s/ignacio-zaragoza-i--Mexico-City/homes?tab_id=home_tab&refinement_paths%5B%5D=%2Fhomes&flexible_trip_lengths%5B%5D=one_week&monthly_start_date=2023-07-01&monthly_length=3&price_filter_input_type=0&price_filter_num_nights=5&channel=EXPLORE&date_picker_type=calendar&source=structured_search_input_header&search_type=search_query&items_offset=126,19.0456,-98.1974
142,/rooms/48943420?adults=1&children=0&enable_m3_private_room=true&infants=0&pets=0&check_in=2023-07-03&check_out=2023-07-09&source_impression_id=p3_1688405744_%2BXbp9SP7ZD3B4oCT&previous_page_section_name=1000&federated_search_id=8abeb3e7-addd-4956-bb1d-c68d161600b9,Home in Puebla,Excelente Casa en Los Fuertes,2 beds,$37 night$37 per night,https://www.airbnb.com/s/ignacio-zaragoza-i--Mexico-City/homes?tab_id=home_tab&refinement_paths%5B%5D=%2Fhomes&flexible_trip_lengths%5B%5D=one_week&monthly_start_date=2023-07-01&monthly_length=3&price_filter_input_type=0&price_filter_num_nights=5&channel=EXPLORE&date_picker_type=calendar&source=structured_search_input_header&search_type=search_query&items_offset=126,19.0613,-98.1861
143,/rooms/40034946?adults=1&children=0&enable_m3_private_room=true&infants=0&pets=0&check_in=2023-07-09&check_out=2023-07-14&source_impression_id=p3_1688405744_W0jC0viZPdD8yZIB&previous_page_section_name=1000&federated_search_id=8abeb3e7-addd-4956-bb1d-c68d161600b9,Home in Puebla,Feel at home,3 beds,$41 night$41 per night,https://www.airbnb.com/s/ignacio-zaragoza-i--Mexico-City/homes?tab_id=home_tab&refinement_paths%5B%5D=%2Fhomes&flexible_trip_lengths%5B%5D=one_week&monthly_start_date=2023-07-01&monthly_length=3&price_filter_input_type=0&price_filter_num_nights=5&channel=EXPLORE&date_picker_type=calendar&source=structured_search_input_header&search_type=search_query&items_offset=126,19.01176,-98.18601
144,/rooms/51599064?adults=1&category_tag=Tag%3A8678&children=0&enable_m3_private_room=true&infants=0&pets=0&check_in=2023-07-03&check_out=2023-07-09&source_impression_id=p3_1688405776_mbwcbdxPTQKYjdRS&previous_page_section_name=1000&federated_search_id=3ef3f2c9-9673-4def-b9ea-5f9563a18780,Room in Agrícola Oriental,"Comfortable room !  In Depa, like being at home",Stay with Carlos,$29 night$29 per night,https://www.airbnb.com/s/ignacio-zaragoza-i--Mexico-City/homes?tab_id=home_tab&refinement_paths%5B%5D=%2Fhomes&flexible_trip_lengths%5B%5D=one_week&monthly_start_date=2023-07-01&monthly_length=3&price_filter_input_type=0&price_filter_num_nights=5&channel=EXPLORE&date_picker_type=calendar&source=structured_search_input_header&search_type=search_query&items_offset=144,19.403449990011058,-99.07620090359217
145,/rooms/17981989?adults=1&children=0&enable_m3_private_room=true&infants=0&pets=0&check_in=2023-07-20&check_out=2023-07-25&source_impression_id=p3_1688405776_AnAQFwJDZpnpVK0w&previous_page_section_name=1000&federated_search_id=3ef3f2c9-9673-4def-b9ea-5f9563a18780,Apartment in Agrícola Oriental,"Exclusive apartment, very close to CDMX Airport.",3 beds,$29 night$29 per night,https://www.airbnb.com/s/ignacio-zaragoza-i--Mexico-City/homes?tab_id=home_tab&refinement_paths%5B%5D=%2Fhomes&flexible_trip_lengths%5B%5D=one_week&monthly_start_date=2023-07-01&monthly_length=3&price_filter_input_type=0&price_filter_num_nights=5&channel=EXPLORE&date_picker_type=calendar&source=structured_search_input_header&search_type=search_query&items_offset=144,19.4035,-99.0725
146,/rooms/875584782031617340?adults=1&children=0&enable_m3_private_room=true&infants=0&pets=0&check_in=2023-07-30&check_out=2023-08-04&source_impression_id=p3_1688405776_vunbaLKllc4PCVij&previous_page_section_name=1000&federated_search_id=3ef3f2c9-9673-4def-b9ea-5f9563a18780,Apartment in Moctezuma,CDMX Aeropuerto Punta Lina,1 double bed,$23 night$23 per night,https://www.airbnb.com/s/ignacio-zaragoza-i--Mexico-City/homes?tab_id=home_tab&refinement_paths%5B%5D=%2Fhomes&flexible_trip_lengths%5B%5D=one_week&monthly_start_date=2023-07-01&monthly_length=3&price_filter_input_type=0&price_filter_num_nights=5&channel=EXPLORE&date_picker_type=calendar&source=structured_search_input_header&search_type=search_query&items_offset=144,19.4293,-99.1097
147,/rooms/49728135?adults=1&children=0&enable_m3_private_room=true&infants=0&pets=0&check_in=2023-07-23&check_out=2023-07-28&source_impression_id=p3_1688405776_DDRz8KiLeBVk2B9Q&previous_page_section_name=1000&federated_search_id=3ef3f2c9-9673-4def-b9ea-5f9563a18780,Home in Peñon de Los Baños,H7 Private studio 200 Mt from CDMX T1 Airport,1 single bed,$23 night$23 per night,https://www.airbnb.com/s/ignacio-zaragoza-i--Mexico-City/homes?tab_id=home_tab&refinement_paths%5B%5D=%2Fhomes&flexible_trip_lengths%5B%5D=one_week&monthly_start_date=2023-07-01&monthly_length=3&price_filter_input_type=0&price_filter_num_nights=5&channel=EXPLORE&date_picker_type=calendar&source=structured_search_input_header&search_type=search_query&items_offset=144,19.43806,-99.07891
148,/rooms/803085108257648045?adults=1&category_tag=Tag%3A8678&children=0&enable_m3_private_room=true&infants=0&pets=0&check_in=2023-07-06&check_out=2023-07-12&source_impression_id=p3_1688405776_f%2F41Z%2Be2nFdncSx5&previous_page_section_name=1000&federated_search_id=3ef3f2c9-9673-4def-b9ea-5f9563a18780,Room in Jardin Balbuena,Habitación matrimonial con entrada independiente,Stay with Leon Alejandro,"$19 $16 night$16 per night, originally $19",https://www.airbnb.com/s/ignacio-zaragoza-i--Mexico-City/homes?tab_id=home_tab&refinement_paths%5B%5D=%2Fhomes&flexible_trip_lengths%5B%5D=one_week&monthly_start_date=2023-07-01&monthly_length=3&price_filter_input_type=0&price_filter_num_nights=5&channel=EXPLORE&date_picker_type=calendar&source=structured_search_input_header&search_type=search_query&items_offset=144,19.4156,-99.1099
149,/rooms/38326586?adults=1&children=0&enable_m3_private_room=true&infants=0&pets=0&check_in=2023-07-08&check_out=2023-07-13&source_impression_id=p3_1688405776_SgYoc%2Bz96FS%2BcrzR&previous_page_section_name=1000&federated_search_id=3ef3f2c9-9673-4def-b9ea-5f9563a18780,Home in Jardin Balbuena,"Entire house 8 min airport, Foro Sol p/sports#",2 beds,"$93 $58 night$58 per night, originally $93",https://www.airbnb.com/s/ignacio-zaragoza-i--Mexico-City/homes?tab_id=home_tab&refinement_paths%5B%5D=%2Fhomes&flexible_trip_lengths%5B%5D=one_week&monthly_start_date=2023-07-01&monthly_length=3&price_filter_input_type=0&price_filter_num_nights=5&channel=EXPLORE&date_picker_type=calendar&source=structured_search_input_header&search_type=search_query&items_offset=144,19.42092,-99.10162
150,/rooms/910095594562979956?adults=1&children=0&enable_m3_private_room=true&infants=0&pets=0&check_in=2023-07-14&check_out=2023-07-19&source_impression_id=p3_1688405776_I2jEMimg1%2BbrGXl5&previous_page_section_name=1000&federated_search_id=3ef3f2c9-9673-4def-b9ea-5f9563a18780,Apartment in Jardin Balbuena,Apto a 5min F1/ForoSol/Palacio Deportes/Aeropuerto,4 beds,$44 night$44 per night,https://www.airbnb.com/s/ignacio-zaragoza-i--Mexico-City/homes?tab_id=home_tab&refinement_paths%5B%5D=%2Fhomes&flexible_trip_lengths%5B%5D=one_week&monthly_start_date=2023-07-01&monthly_length=3&price_filter_input_type=0&price_filter_num_nights=5&channel=EXPLORE&date_picker_type=calendar&source=structured_search_input_header&search_type=search_query&items_offset=144,19.4201,-99.09954
151,/rooms/15379999?adults=1&category_tag=Tag%3A8678&children=0&enable_m3_private_room=true&infants=0&pets=0&check_in=2023-07-04&check_out=2023-07-09&source_impression_id=p3_1688405776_4dtUlzLxjGfKrAk0&previous_page_section_name=1000&federated_search_id=3ef3f2c9-9673-4def-b9ea-5f9563a18780,Room in Jardin Balbuena,1 bedroom  for 1 guest,Stay with Sonia,$14 night$14 per night,https://www.airbnb.com/s/ignacio-zaragoza-i--Mexico-City/homes?tab_id=home_tab&refinement_paths%5B%5D=%2Fhomes&flexible_trip_lengths%5B%5D=one_week&monthly_start_date=2023-07-01&monthly_length=3&price_filter_input_type=0&price_filter_num_nights=5&channel=EXPLORE&date_picker_type=calendar&source=structured_search_input_header&search_type=search_query&items_offset=144,19.41313,-99.1125
152,/rooms/30691524?adults=1&children=0&enable_m3_private_room=true&infants=0&pets=0&check_in=2023-07-09&check_out=2023-07-14&source_impression_id=p3_1688405776_D9bN325YzjAixnCV&previous_page_section_name=1000&federated_search_id=3ef3f2c9-9673-4def-b9ea-5f9563a18780,Apartment in Moctezuma,"New apartment, Airport, TAPO, ForoSol",1 queen bed,$45 night$45 per night,https://www.airbnb.com/s/ignacio-zaragoza-i--Mexico-City/homes?tab_id=home_tab&refinement_paths%5B%5D=%2Fhomes&flexible_trip_lengths%5B%5D=one_week&monthly_start_date=2023-07-01&monthly_length=3&price_filter_input_type=0&price_filter_num_nights=5&channel=EXPLORE&date_picker_type=calendar&source=structured_search_input_header&search_type=search_query&items_offset=144,19.43198,-99.10004
153,/rooms/760231162550965854?adults=1&children=0&enable_m3_private_room=true&infants=0&pets=0&check_in=2023-07-17&check_out=2023-07-24&source_impression_id=p3_1688405776_BIlLNtJvcerMvZK4&previous_page_section_name=1000&federated_search_id=3ef3f2c9-9673-4def-b9ea-5f9563a18780,Condo in Jardin Balbuena,Unique Opportunity near ForoSol/T1/Concerts,4 beds,"$58 $50 night$50 per night, originally $58",https://www.airbnb.com/s/ignacio-zaragoza-i--Mexico-City/homes?tab_id=home_tab&refinement_paths%5B%5D=%2Fhomes&flexible_trip_lengths%5B%5D=one_week&monthly_start_date=2023-07-01&monthly_length=3&price_filter_input_type=0&price_filter_num_nights=5&channel=EXPLORE&date_picker_type=calendar&source=structured_search_input_header&search_type=search_query&items_offset=144,19.41724,-99.10808
154,/rooms/894124060354851960?adults=1&category_tag=Tag%3A8678&children=0&enable_m3_private_room=true&infants=0&pets=0&check_in=2023-07-03&check_out=2023-07-08&source_impression_id=p3_1688405776_mUatFfLJhZdsQfQr&previous_page_section_name=1000&federated_search_id=3ef3f2c9-9673-4def-b9ea-5f9563a18780,Room in Granjas México,Ideal pa conciertos y festivales,Stay with Christian,$48 night$48 per night,https://www.airbnb.com/s/ignacio-zaragoza-i--Mexico-City/homes?tab_id=home_tab&refinement_paths%5B%5D=%2Fhomes&flexible_trip_lengths%5B%5D=one_week&monthly_start_date=2023-07-01&monthly_length=3&price_filter_input_type=0&price_filter_num_nights=5&channel=EXPLORE&date_picker_type=calendar&source=structured_search_input_header&search_type=search_query&items_offset=144,19.39846,-99.10087
155,/rooms/43022190?adults=1&children=0&enable_m3_private_room=true&infants=0&pets=0&check_in=2023-07-03&check_out=2023-07-08&source_impression_id=p3_1688405776_5CD4bJmxsvd5%2BDzg&previous_page_section_name=1000&federated_search_id=3ef3f2c9-9673-4def-b9ea-5f9563a18780,Loft in Moctezuma,Airport/MEX/ForoSol/Tapo/Downtown/CDMX/PDeportes,1 double bed,$38 night$38 per night,https://www.airbnb.com/s/ignacio-zaragoza-i--Mexico-City/homes?tab_id=home_tab&refinement_paths%5B%5D=%2Fhomes&flexible_trip_lengths%5B%5D=one_week&monthly_start_date=2023-07-01&monthly_length=3&price_filter_input_type=0&price_filter_num_nights=5&channel=EXPLORE&date_picker_type=calendar&source=structured_search_input_header&search_type=search_query&items_offset=144,19.42829,-99.09571
156,/rooms/47785820?adults=1&category_tag=Tag%3A8678&children=0&enable_m3_private_room=true&infants=0&pets=0&check_in=2023-07-05&check_out=2023-07-10&source_impression_id=p3_1688405776_c%2FwtiZZe%2ByXRDvof&previous_page_section_name=1000&federated_search_id=3ef3f2c9-9673-4def-b9ea-5f9563a18780,Room in Peñon de Los Baños,A4-AdMX Airport Room T1,Stay with Gerardo Rodrigo,$19 night$19 per night,https://www.airbnb.com/s/ignacio-zaragoza-i--Mexico-City/homes?tab_id=home_tab&refinement_paths%5B%5D=%2Fhomes&flexible_trip_lengths%5B%5D=one_week&monthly_start_date=2023-07-01&monthly_length=3&price_filter_input_type=0&price_filter_num_nights=5&channel=EXPLORE&date_picker_type=calendar&source=structured_search_input_header&search_type=search_query&items_offset=144,19.4392,-99.0796
157,/rooms/34224821?adults=1&children=0&enable_m3_private_room=true&infants=0&pets=0&check_in=2023-07-03&check_out=2023-07-09&source_impression_id=p3_1688405776_sSmi6CmxDhk6sK1B&previous_page_section_name=1000&federated_search_id=3ef3f2c9-9673-4def-b9ea-5f9563a18780,Apartment in Moctezuma,"APT #204 ""IN FRONT OF THE AIRPORT""",3 beds,"$67 $58 night$58 per night, originally $67",https://www.airbnb.com/s/ignacio-zaragoza-i--Mexico-City/homes?tab_id=home_tab&refinement_paths%5B%5D=%2Fhomes&flexible_trip_lengths%5B%5D=one_week&monthly_start_date=2023-07-01&monthly_length=3&price_filter_input_type=0&price_filter_num_nights=5&channel=EXPLORE&date_picker_type=calendar&source=structured_search_input_header&search_type=search_query&items_offset=144,19.43482,-99.08968
158,/rooms/41478322?adults=1&children=0&enable_m3_private_room=true&infants=0&pets=0&check_in=2023-07-23&check_out=2023-07-29&source_impression_id=p3_1688405776_BNSKJXlagk4Pdd27&previous_page_section_name=1000&federated_search_id=3ef3f2c9-9673-4def-b9ea-5f9563a18780,Condo in Peñon de Los Baños,Gran departamento frente al Aeropuerto!!,2 sofa beds,$36 night$36 per night,https://www.airbnb.com/s/ignacio-zaragoza-i--Mexico-City/homes?tab_id=home_tab&refinement_paths%5B%5D=%2Fhomes&flexible_trip_lengths%5B%5D=one_week&monthly_start_date=2023-07-01&monthly_length=3&price_filter_input_type=0&price_filter_num_nights=5&channel=EXPLORE&date_picker_type=calendar&source=structured_search_input_header&search_type=search_query&items_offset=144,19.43639,-99.08392
159,/rooms/33588467?adults=1&children=0&enable_m3_private_room=true&infants=0&pets=0&check_in=2023-07-07&check_out=2023-07-13&source_impression_id=p3_1688405776_U%2B%2Fy9m0jt5unzT%2Fh&previous_page_section_name=1000&federated_search_id=3ef3f2c9-9673-4def-b9ea-5f9563a18780,Condo in Federal,In front of T1&T2 of the CDMX Airport - JetRoom,3 beds,$93 night$93 per night,https://www.airbnb.com/s/ignacio-zaragoza-i--Mexico-City/homes?tab_id=home_tab&refinement_paths%5B%5D=%2Fhomes&flexible_trip_lengths%5B%5D=one_week&monthly_start_date=2023-07-01&monthly_length=3&price_filter_input_type=0&price_filter_num_nights=5&channel=EXPLORE&date_picker_type=calendar&source=structured_search_input_header&search_type=search_query&items_offset=144,19.41968,-99.08369
160,/rooms/35919441?adults=1&children=0&enable_m3_private_room=true&infants=0&pets=0&check_in=2023-08-28&check_out=2023-09-02&source_impression_id=p3_1688405776_jo4w987WrjyHsdGD&previous_page_section_name=1000&federated_search_id=3ef3f2c9-9673-4def-b9ea-5f9563a18780,Apartment in Peñon de Los Baños,Fabulous Depa in Airport/ Fabulous in Airport!!,2 double beds,$36 night$36 per night,https://www.airbnb.com/s/ignacio-zaragoza-i--Mexico-City/homes?tab_id=home_tab&refinement_paths%5B%5D=%2Fhomes&flexible_trip_lengths%5B%5D=one_week&monthly_start_date=2023-07-01&monthly_length=3&price_filter_input_type=0&price_filter_num_nights=5&channel=EXPLORE&date_picker_type=calendar&source=structured_search_input_header&search_type=search_query&items_offset=144,19.434910300207626,-99.08561221007231
161,/rooms/754303830963512960?adults=1&children=0&enable_m3_private_room=true&infants=0&pets=0&check_in=2023-07-06&check_out=2023-07-12&source_impression_id=p3_1688405776_26PpdyQO047cCv7D&previous_page_section_name=1000&federated_search_id=3ef3f2c9-9673-4def-b9ea-5f9563a18780,Apartment in Agrícola Oriental,"Apartment near Foro Sol, Airport, Palace",2 beds,"$75 $47 night$47 per night, originally $75",https://www.airbnb.com/s/ignacio-zaragoza-i--Mexico-City/homes?tab_id=home_tab&refinement_paths%5B%5D=%2Fhomes&flexible_trip_lengths%5B%5D=one_week&monthly_start_date=2023-07-01&monthly_length=3&price_filter_input_type=0&price_filter_num_nights=5&channel=EXPLORE&date_picker_type=calendar&source=structured_search_input_header&search_type=search_query&items_offset=144,19.4033,-99.0734
162,/rooms/44660446?adults=1&children=0&enable_m3_private_room=true&infants=0&pets=0&check_in=2023-07-05&check_out=2023-07-10&source_impression_id=p3_1688405816_WAzZ5wchlBOkEsg0&previous_page_section_name=1000&federated_search_id=23af84fa-fa26-4128-88c2-8b7a519e0055,Condo in Moctezuma,Private and sanitized apartment at CDMX Airport,1 double bed,￥295 night￥295 per night,https://www.airbnb.com/s/ignacio-zaragoza-i--Mexico-City/homes?tab_id=home_tab&refinement_paths%5B%5D=%2Fhomes&flexible_trip_lengths%5B%5D=one_week&monthly_start_date=2023-07-01&monthly_length=3&price_filter_input_type=0&price_filter_num_nights=5&channel=EXPLORE&date_picker_type=calendar&source=structured_search_input_header&search_type=search_query&items_offset=162,19.43067,-99.09518
163,/rooms/53417570?adults=1&category_tag=Tag%3A8678&children=0&enable_m3_private_room=true&infants=0&pets=0&check_in=2023-07-03&check_out=2023-07-09&source_impression_id=p3_1688405816_g8O9z7jle9hD02rl&previous_page_section_name=1000&federated_search_id=23af84fa-fa26-4128-88c2-8b7a519e0055,Room in Mexico City,5 min distance Airport Mexico city - Private Room,Stay with Diana,￥230 night￥230 per night,https://www.airbnb.com/s/ignacio-zaragoza-i--Mexico-City/homes?tab_id=home_tab&refinement_paths%5B%5D=%2Fhomes&flexible_trip_lengths%5B%5D=one_week&monthly_start_date=2023-07-01&monthly_length=3&price_filter_input_type=0&price_filter_num_nights=5&channel=EXPLORE&date_picker_type=calendar&source=structured_search_input_header&search_type=search_query&items_offset=162,19.44162,-99.07424
164,/rooms/51599064?adults=1&category_tag=Tag%3A8678&children=0&enable_m3_private_room=true&infants=0&pets=0&check_in=2023-07-03&check_out=2023-07-09&source_impression_id=p3_1688405816_lJATqAvHR6qrwLBo&previous_page_section_name=1000&federated_search_id=23af84fa-fa26-4128-88c2-8b7a519e0055,Room in Agrícola Oriental,"Comfortable room !  In Depa, like being at home",Stay with Carlos,￥243 night￥243 per night,https://www.airbnb.com/s/ignacio-zaragoza-i--Mexico-City/homes?tab_id=home_tab&refinement_paths%5B%5D=%2Fhomes&flexible_trip_lengths%5B%5D=one_week&monthly_start_date=2023-07-01&monthly_length=3&price_filter_input_type=0&price_filter_num_nights=5&channel=EXPLORE&date_picker_type=calendar&source=structured_search_input_header&search_type=search_query&items_offset=162,19.403449990011058,-99.07620090359217
165,/rooms/24353127?adults=1&children=0&enable_m3_private_room=true&infants=0&pets=0&check_in=2023-07-03&check_out=2023-07-08&source_impression_id=p3_1688405816_mP8YKnsZic6%2BVlPI&previous_page_section_name=1000&federated_search_id=23af84fa-fa26-4128-88c2-8b7a519e0055,Apartment in Federal,Rincon de Checo,3 beds,￥590 night￥590 per night,https://www.airbnb.com/s/ignacio-zaragoza-i--Mexico-City/homes?tab_id=home_tab&refinement_paths%5B%5D=%2Fhomes&flexible_trip_lengths%5B%5D=one_week&monthly_start_date=2023-07-01&monthly_length=3&price_filter_input_type=0&price_filter_num_nights=5&channel=EXPLORE&date_picker_type=calendar&source=structured_search_input_header&search_type=search_query&items_offset=162,19.4227,-99.088
166,/rooms/564483152974455886?adults=1&children=0&enable_m3_private_room=true&infants=0&pets=0&check_in=2023-07-07&check_out=2023-07-12&source_impression_id=p3_1688405816_elMRdHmBEATRk4eJ&previous_page_section_name=1000&federated_search_id=23af84fa-fa26-4128-88c2-8b7a519e0055,Apartment in Moctezuma,Comfortable apartment 5 min. from the airport.,2 beds,￥197 night￥197 per night,https://www.airbnb.com/s/ignacio-zaragoza-i--Mexico-City/homes?tab_id=home_tab&refinement_paths%5B%5D=%2Fhomes&flexible_trip_lengths%5B%5D=one_week&monthly_start_date=2023-07-01&monthly_length=3&price_filter_input_type=0&price_filter_num_nights=5&channel=EXPLORE&date_picker_type=calendar&source=structured_search_input_header&search_type=search_query&items_offset=162,19.42513,-99.09657
167,/rooms/661583228816914412?adults=1&children=0&enable_m3_private_room=true&infants=0&pets=0&check_in=2023-07-09&check_out=2023-07-14&source_impression_id=p3_1688405816_TOn13fwzPUxAqSNr&previous_page_section_name=1000&federated_search_id=23af84fa-fa26-4128-88c2-8b7a519e0055,Loft in Mexico City,* Luxury Loft with Jacuzzi near Airport,2 beds,￥584 night￥584 per night,https://www.airbnb.com/s/ignacio-zaragoza-i--Mexico-City/homes?tab_id=home_tab&refinement_paths%5B%5D=%2Fhomes&flexible_trip_lengths%5B%5D=one_week&monthly_start_date=2023-07-01&monthly_length=3&price_filter_input_type=0&price_filter_num_nights=5&channel=EXPLORE&date_picker_type=calendar&source=structured_search_input_header&search_type=search_query&items_offset=162,19.4452,-99.0889
168,/rooms/35655162?adults=1&children=0&enable_m3_private_room=true&infants=0&pets=0&check_in=2023-07-05&check_out=2023-07-10&source_impression_id=p3_1688405816_V5TBLFDIuFTNcYNh&previous_page_section_name=1000&federated_search_id=23af84fa-fa26-4128-88c2-8b7a519e0055,Place to stay in Mexico City,"Private Room Airport / Private Room  ""0""",1 double bed,￥165 night￥165 per night,https://www.airbnb.com/s/ignacio-zaragoza-i--Mexico-City/homes?tab_id=home_tab&refinement_paths%5B%5D=%2Fhomes&flexible_trip_lengths%5B%5D=one_week&monthly_start_date=2023-07-01&monthly_length=3&price_filter_input_type=0&price_filter_num_nights=5&channel=EXPLORE&date_picker_type=calendar&source=structured_search_input_header&search_type=search_query&items_offset=162,19.433,-99.0833
169,/rooms/810277845447110898?adults=1&children=0&enable_m3_private_room=true&infants=0&pets=0&check_in=2023-07-15&check_out=2023-07-20&source_impression_id=p3_1688405816_W4iHNUwegV8enXeZ&previous_page_section_name=1000&federated_search_id=23af84fa-fa26-4128-88c2-8b7a519e0055,Condo in Jardin Balbuena,Close to Hnos Rodríguez and Foro Sol,5 beds,￥348 night￥348 per night,https://www.airbnb.com/s/ignacio-zaragoza-i--Mexico-City/homes?tab_id=home_tab&refinement_paths%5B%5D=%2Fhomes&flexible_trip_lengths%5B%5D=one_week&monthly_start_date=2023-07-01&monthly_length=3&price_filter_input_type=0&price_filter_num_nights=5&channel=EXPLORE&date_picker_type=calendar&source=structured_search_input_header&search_type=search_query&items_offset=162,19.42478,-99.10606
170,/rooms/49801554?adults=1&children=0&enable_m3_private_room=true&infants=0&pets=0&check_in=2023-07-09&check_out=2023-07-14&source_impression_id=p3_1688405816_dAUzrOA%2FXUAqquKi&previous_page_section_name=1000&federated_search_id=23af84fa-fa26-4128-88c2-8b7a519e0055,Apartment in Agrícola Pantitlán,Apartment on one side of T2 Airport,2 double beds,￥246 night￥246 per night,https://www.airbnb.com/s/ignacio-zaragoza-i--Mexico-City/homes?tab_id=home_tab&refinement_paths%5B%5D=%2Fhomes&flexible_trip_lengths%5B%5D=one_week&monthly_start_date=2023-07-01&monthly_length=3&price_filter_input_type=0&price_filter_num_nights=5&channel=EXPLORE&date_picker_type=calendar&source=structured_search_input_header&search_type=search_query&items_offset=162,19.41853,-99.05801
171,/rooms/739868806270755060?adults=1&children=0&enable_m3_private_room=true&infants=0&pets=0&check_in=2023-07-18&check_out=2023-07-23&source_impression_id=p3_1688405816_yBzz02Vcye7bd5LP&previous_page_section_name=1000&federated_search_id=23af84fa-fa26-4128-88c2-8b7a519e0055,Home in Granjas México,Apartment with a view near Foro Sol and Airport,3 beds,￥526 night￥526 per night,https://www.airbnb.com/s/ignacio-zaragoza-i--Mexico-City/homes?tab_id=home_tab&refinement_paths%5B%5D=%2Fhomes&flexible_trip_lengths%5B%5D=one_week&monthly_start_date=2023-07-01&monthly_length=3&price_filter_input_type=0&price_filter_num_nights=5&channel=EXPLORE&date_picker_type=calendar&source=structured_search_input_header&search_type=search_query&items_offset=162,19.40276,-99.11298
172,/rooms/17981989?adults=1&children=0&enable_m3_private_room=true&infants=0&pets=0&check_in=2023-07-20&check_out=2023-07-25&source_impression_id=p3_1688405816_jiggDzDPXysVGmRt&previous_page_section_name=1000&federated_search_id=23af84fa-fa26-4128-88c2-8b7a519e0055,Apartment in Agrícola Oriental,"Exclusive apartment, very close to CDMX Airport.",3 beds,￥242 night￥242 per night,https://www.airbnb.com/s/ignacio-zaragoza-i--Mexico-City/homes?tab_id=home_tab&refinement_paths%5B%5D=%2Fhomes&flexible_trip_lengths%5B%5D=one_week&monthly_start_date=2023-07-01&monthly_length=3&price_filter_input_type=0&price_filter_num_nights=5&channel=EXPLORE&date_picker_type=calendar&source=structured_search_input_header&search_type=search_query&items_offset=162,19.4035,-99.0725
173,/rooms/926421573472841190?adults=1&children=0&enable_m3_private_room=true&infants=0&pets=0&check_in=2023-07-25&check_out=2023-07-30&source_impression_id=p3_1688405816_L5g%2B%2FyjiymILzUin&previous_page_section_name=1000&federated_search_id=23af84fa-fa26-4128-88c2-8b7a519e0055,Apartment in Anzures,Sky-High 3BR PentHouse ScenicViews Polanco/Reforma,5 beds,"￥1,194 night￥1,194 per night",https://www.airbnb.com/s/ignacio-zaragoza-i--Mexico-City/homes?tab_id=home_tab&refinement_paths%5B%5D=%2Fhomes&flexible_trip_lengths%5B%5D=one_week&monthly_start_date=2023-07-01&monthly_length=3&price_filter_input_type=0&price_filter_num_nights=5&channel=EXPLORE&date_picker_type=calendar&source=structured_search_input_header&search_type=search_query&items_offset=162,19.432478537364837,-99.1730065007966
174,/rooms/28607246?adults=1&children=0&enable_m3_private_room=true&infants=0&pets=0&check_in=2023-07-12&check_out=2023-07-17&source_impression_id=p3_1688405816_oQIrr94EQYqgm2Oz&previous_page_section_name=1000&federated_search_id=23af84fa-fa26-4128-88c2-8b7a519e0055,Apartment in Peñon de Los Baños,Departamento Toronto  NEAR THE AIRPORT (AICM),3 beds,￥396 night￥396 per night,https://www.airbnb.com/s/ignacio-zaragoza-i--Mexico-City/homes?tab_id=home_tab&refinement_paths%5B%5D=%2Fhomes&flexible_trip_lengths%5B%5D=one_week&monthly_start_date=2023-07-01&monthly_length=3&price_filter_input_type=0&price_filter_num_nights=5&channel=EXPLORE&date_picker_type=calendar&source=structured_search_input_header&search_type=search_query&items_offset=162,19.43709,-99.0841
175,/rooms/905239550703656812?adults=1&children=0&enable_m3_private_room=true&infants=0&pets=0&check_in=2023-07-04&check_out=2023-07-09&source_impression_id=p3_1688405816_LsaO8G94k3FHI28r&previous_page_section_name=1000&federated_search_id=23af84fa-fa26-4128-88c2-8b7a519e0055,Apartment in Mexico City,Depto Foro Sol y Aeropuerto,2 beds,￥541 night￥541 per night,https://www.airbnb.com/s/ignacio-zaragoza-i--Mexico-City/homes?tab_id=home_tab&refinement_paths%5B%5D=%2Fhomes&flexible_trip_lengths%5B%5D=one_week&monthly_start_date=2023-07-01&monthly_length=3&price_filter_input_type=0&price_filter_num_nights=5&channel=EXPLORE&date_picker_type=calendar&source=structured_search_input_header&search_type=search_query&items_offset=162,19.3994,-99.0917
176,/rooms/41663234?adults=1&children=0&enable_m3_private_room=true&infants=0&pets=0&check_in=2023-07-03&check_out=2023-07-08&source_impression_id=p3_1688405816_8SxH8NcfNAayPAuc&previous_page_section_name=1000&federated_search_id=23af84fa-fa26-4128-88c2-8b7a519e0055,Place to stay in Viaducto Piedad,Furnished Apartment Calzada la Viga y Viaducto,1 double bed,￥175 night￥175 per night,https://www.airbnb.com/s/ignacio-zaragoza-i--Mexico-City/homes?tab_id=home_tab&refinement_paths%5B%5D=%2Fhomes&flexible_trip_lengths%5B%5D=one_week&monthly_start_date=2023-07-01&monthly_length=3&price_filter_input_type=0&price_filter_num_nights=5&channel=EXPLORE&date_picker_type=calendar&source=structured_search_input_header&search_type=search_query&items_offset=162,19.40404,-99.12518
177,/rooms/50217408?adults=1&children=0&enable_m3_private_room=true&infants=0&pets=0&check_in=2023-07-04&check_out=2023-07-09&source_impression_id=p3_1688405816_YpqMA2rdvJ920isn&previous_page_section_name=1000&federated_search_id=23af84fa-fa26-4128-88c2-8b7a519e0055,Apartment in Moctezuma,Great apartment near Airport and Foro Sol,2 double beds,￥174 night￥174 per night,https://www.airbnb.com/s/ignacio-zaragoza-i--Mexico-City/homes?tab_id=home_tab&refinement_paths%5B%5D=%2Fhomes&flexible_trip_lengths%5B%5D=one_week&monthly_start_date=2023-07-01&monthly_length=3&price_filter_input_type=0&price_filter_num_nights=5&channel=EXPLORE&date_picker_type=calendar&source=structured_search_input_header&search_type=search_query&items_offset=162,19.43314,-99.10244
178,/rooms/23842322?adults=1&children=0&enable_m3_private_room=true&infants=0&pets=0&check_in=2023-07-13&check_out=2023-07-18&source_impression_id=p3_1688405816_P315L3c%2FkL7CfuAl&previous_page_section_name=1000&federated_search_id=23af84fa-fa26-4128-88c2-8b7a519e0055,Apartment in Agrícola Oriental,Apartment 10min from the airport with parking,2 beds,￥217 night￥217 per night,https://www.airbnb.com/s/ignacio-zaragoza-i--Mexico-City/homes?tab_id=home_tab&refinement_paths%5B%5D=%2Fhomes&flexible_trip_lengths%5B%5D=one_week&monthly_start_date=2023-07-01&monthly_length=3&price_filter_input_type=0&price_filter_num_nights=5&channel=EXPLORE&date_picker_type=calendar&source=structured_search_input_header&search_type=search_query&items_offset=162,19.40725,-99.07292
179,/rooms/28384549?adults=1&children=0&enable_m3_private_room=true&infants=0&pets=0&check_in=2023-07-21&check_out=2023-07-26&source_impression_id=p3_1688405816_2D4LvaMElqPrSgLI&previous_page_section_name=1000&federated_search_id=23af84fa-fa26-4128-88c2-8b7a519e0055,Apartment in Moctezuma,"APT #4 ""IN FRONT OF THE AIRPORT""",3 king beds,￥560 night￥560 per night,https://www.airbnb.com/s/ignacio-zaragoza-i--Mexico-City/homes?tab_id=home_tab&refinement_paths%5B%5D=%2Fhomes&flexible_trip_lengths%5B%5D=one_week&monthly_start_date=2023-07-01&monthly_length=3&price_filter_input_type=0&price_filter_num_nights=5&channel=EXPLORE&date_picker_type=calendar&source=structured_search_input_header&search_type=search_query&items_offset=162,19.4345,-99.09134
180,/rooms/43896910?adults=1&children=0&enable_m3_private_room=true&infants=0&pets=0&check_in=2023-07-08&check_out=2023-07-15&source_impression_id=p3_1688405850_GvfF9BW8UTDPyi6U&previous_page_section_name=1000&federated_search_id=6b037405-8bfc-4f63-8ce8-3d1135837166,Apartment in Puebla,$350 Independent apartment nice & big,4 beds,$19 night$19 per night,https://www.airbnb.com/s/ignacio-zaragoza-i--Mexico-City/homes?tab_id=home_tab&refinement_paths%5B%5D=%2Fhomes&flexible_trip_lengths%5B%5D=one_week&monthly_start_date=2023-07-01&monthly_length=3&price_filter_input_type=0&price_filter_num_nights=5&channel=EXPLORE&date_picker_type=calendar&source=structured_search_input_header&search_type=search_query&items_offset=180,19.0135,-98.2086
181,/rooms/838350349696178887?adults=1&children=0&enable_m3_private_room=true&infants=0&pets=0&check_in=2023-08-06&check_out=2023-08-11&source_impression_id=p3_1688405850_GhnSnC%2Fz6o0Kobbk&previous_page_section_name=1000&federated_search_id=6b037405-8bfc-4f63-8ce8-3d1135837166,Apartment in Puebla,Your private apartment in Puebla,2 beds,$11 night$11 per night,https://www.airbnb.com/s/ignacio-zaragoza-i--Mexico-City/homes?tab_id=home_tab&refinement_paths%5B%5D=%2Fhomes&flexible_trip_lengths%5B%5D=one_week&monthly_start_date=2023-07-01&monthly_length=3&price_filter_input_type=0&price_filter_num_nights=5&channel=EXPLORE&date_picker_type=calendar&source=structured_search_input_header&search_type=search_query&items_offset=180,19.04074,-98.19013
182,/rooms/39633563?adults=1&children=0&enable_m3_private_room=true&infants=0&pets=0&check_in=2023-07-03&check_out=2023-07-08&source_impression_id=p3_1688405850_GG6ykZhxrRqCqNZq&previous_page_section_name=1000&federated_search_id=6b037405-8bfc-4f63-8ce8-3d1135837166,Home in Puebla,"Home ROMA- Luxurious, beautiful and big, Puebla.",10 beds,$79 night$79 per night,https://www.airbnb.com/s/ignacio-zaragoza-i--Mexico-City/homes?tab_id=home_tab&refinement_paths%5B%5D=%2Fhomes&flexible_trip_lengths%5B%5D=one_week&monthly_start_date=2023-07-01&monthly_length=3&price_filter_input_type=0&price_filter_num_nights=5&channel=EXPLORE&date_picker_type=calendar&source=structured_search_input_header&search_type=search_query&items_offset=180,19.07805,-98.17534
183,/rooms/21721871?adults=1&children=0&enable_m3_private_room=true&infants=0&pets=0&check_in=2023-07-03&check_out=2023-07-09&source_impression_id=p3_1688405850_DVwzVuHvsboyn6ov&previous_page_section_name=1000&federated_search_id=6b037405-8bfc-4f63-8ce8-3d1135837166,Home in Puebla ,Cozy LOFT-Equipped w/everything-Full Kitchen-Wifi,2 beds,$21 night$21 per night,https://www.airbnb.com/s/ignacio-zaragoza-i--Mexico-City/homes?tab_id=home_tab&refinement_paths%5B%5D=%2Fhomes&flexible_trip_lengths%5B%5D=one_week&monthly_start_date=2023-07-01&monthly_length=3&price_filter_input_type=0&price_filter_num_nights=5&channel=EXPLORE&date_picker_type=calendar&source=structured_search_input_header&search_type=search_query&items_offset=180,19.037,-98.2064
184,/rooms/35882641?adults=1&children=0&enable_m3_private_room=true&infants=0&pets=0&check_in=2023-07-04&check_out=2023-07-09&source_impression_id=p3_1688405850_8oUNYw2nKgwWRMRf&previous_page_section_name=1000&federated_search_id=6b037405-8bfc-4f63-8ce8-3d1135837166,Apartment in Puebla,Casa Colibrí,2 queen beds,$52 night$52 per night,https://www.airbnb.com/s/ignacio-zaragoza-i--Mexico-City/homes?tab_id=home_tab&refinement_paths%5B%5D=%2Fhomes&flexible_trip_lengths%5B%5D=one_week&monthly_start_date=2023-07-01&monthly_length=3&price_filter_input_type=0&price_filter_num_nights=5&channel=EXPLORE&date_picker_type=calendar&source=structured_search_input_header&search_type=search_query&items_offset=180,19.04234,-98.19617
185,/rooms/52326765?adults=1&children=0&enable_m3_private_room=true&infants=0&pets=0&check_in=2023-07-09&check_out=2023-07-14&source_impression_id=p3_1688405850_Q5UocaHA4Igwlhj0&previous_page_section_name=1000&federated_search_id=6b037405-8bfc-4f63-8ce8-3d1135837166,Apartment in Puebla,3 Bedroom Apartment in Puebla Historical Area,3 double beds,"$58 $43 night$43 per night, originally $58",https://www.airbnb.com/s/ignacio-zaragoza-i--Mexico-City/homes?tab_id=home_tab&refinement_paths%5B%5D=%2Fhomes&flexible_trip_lengths%5B%5D=one_week&monthly_start_date=2023-07-01&monthly_length=3&price_filter_input_type=0&price_filter_num_nights=5&channel=EXPLORE&date_picker_type=calendar&source=structured_search_input_header&search_type=search_query&items_offset=180,19.04837,-98.20501
186,/rooms/884089666105530563?adults=1&children=0&enable_m3_private_room=true&infants=0&pets=0&check_in=2023-07-03&check_out=2023-07-08&source_impression_id=p3_1688405850_N%2Bj0tMojWgH1Ga7T&previous_page_section_name=1000&federated_search_id=6b037405-8bfc-4f63-8ce8-3d1135837166,Apartment in Puebla,Habitación confortable,1 double bed,$29 night$29 per night,https://www.airbnb.com/s/ignacio-zaragoza-i--Mexico-City/homes?tab_id=home_tab&refinement_paths%5B%5D=%2Fhomes&flexible_trip_lengths%5B%5D=one_week&monthly_start_date=2023-07-01&monthly_length=3&price_filter_input_type=0&price_filter_num_nights=5&channel=EXPLORE&date_picker_type=calendar&source=structured_search_input_header&search_type=search_query&items_offset=180,19.0802,-98.1675
187,/rooms/39370358?adults=1&children=0&enable_m3_private_room=true&infants=0&pets=0&check_in=2023-07-31&check_out=2023-08-06&source_impression_id=p3_1688405850_UAhjXpDByZzrB5uE&previous_page_section_name=1000&federated_search_id=6b037405-8bfc-4f63-8ce8-3d1135837166,Home in Puebla,Sanitized house and 6 rooms,6 beds,"$231 $192 night$192 per night, originally $231",https://www.airbnb.com/s/ignacio-zaragoza-i--Mexico-City/homes?tab_id=home_tab&refinement_paths%5B%5D=%2Fhomes&flexible_trip_lengths%5B%5D=one_week&monthly_start_date=2023-07-01&monthly_length=3&price_filter_input_type=0&price_filter_num_nights=5&channel=EXPLORE&date_picker_type=calendar&source=structured_search_input_header&search_type=search_query&items_offset=180,19.04922,-98.19058
188,/rooms/729244543799140389?adults=1&category_tag=Tag%3A8678&children=0&enable_m3_private_room=true&infants=0&pets=0&check_in=2023-07-04&check_out=2023-07-09&source_impression_id=p3_1688405850_DkoYpGZ%2F1VWYKb9k&previous_page_section_name=1000&federated_search_id=6b037405-8bfc-4f63-8ce8-3d1135837166,Room in Puebla,Comfortable room with bathroom and parking.,Stay with Mary Carmen,$16 night$16 per night,https://www.airbnb.com/s/ignacio-zaragoza-i--Mexico-City/homes?tab_id=home_tab&refinement_paths%5B%5D=%2Fhomes&flexible_trip_lengths%5B%5D=one_week&monthly_start_date=2023-07-01&monthly_length=3&price_filter_input_type=0&price_filter_num_nights=5&channel=EXPLORE&date_picker_type=calendar&source=structured_search_input_header&search_type=search_query&items_offset=180,19.0118,-98.193
189,/rooms/37679417?adults=1&children=0&enable_m3_private_room=true&infants=0&pets=0&check_in=2023-07-19&check_out=2023-07-24&source_impression_id=p3_1688405850_p1Hv99rtrks6ta8Y&previous_page_section_name=1000&federated_search_id=6b037405-8bfc-4f63-8ce8-3d1135837166,Condo in Puebla,Apartment in Punta Alta de Angelopolis tower,1 queen bed,$51 night$51 per night,https://www.airbnb.com/s/ignacio-zaragoza-i--Mexico-City/homes?tab_id=home_tab&refinement_paths%5B%5D=%2Fhomes&flexible_trip_lengths%5B%5D=one_week&monthly_start_date=2023-07-01&monthly_length=3&price_filter_input_type=0&price_filter_num_nights=5&channel=EXPLORE&date_picker_type=calendar&source=structured_search_input_header&search_type=search_query&items_offset=180,19.02799,-98.2292
190,/rooms/906754513386075314?adults=1&category_tag=Tag%3A8678&children=0&enable_m3_private_room=true&infants=0&pets=0&check_in=2023-07-03&check_out=2023-07-08&source_impression_id=p3_1688405850_it%2Fy4kfdz1wSODNn&previous_page_section_name=1000&federated_search_id=6b037405-8bfc-4f63-8ce8-3d1135837166,Room in Puebla,La Dolce Vita,Stay with Maria Del Pilar,$23 night$23 per night,https://www.airbnb.com/s/ignacio-zaragoza-i--Mexico-City/homes?tab_id=home_tab&refinement_paths%5B%5D=%2Fhomes&flexible_trip_lengths%5B%5D=one_week&monthly_start_date=2023-07-01&monthly_length=3&price_filter_input_type=0&price_filter_num_nights=5&channel=EXPLORE&date_picker_type=calendar&source=structured_search_input_header&search_type=search_query&items_offset=180,19.03808,-98.22133
191,/rooms/847819401412188190?adults=1&children=0&enable_m3_private_room=true&infants=0&pets=0&check_in=2023-07-07&check_out=2023-07-12&source_impression_id=p3_1688405850_QuluKK5O601y%2F7e%2F&previous_page_section_name=1000&federated_search_id=6b037405-8bfc-4f63-8ce8-3d1135837166,Apartment in Puebla,Comfortable downtown location,1 bed,$24 night$24 per night,https://www.airbnb.com/s/ignacio-zaragoza-i--Mexico-City/homes?tab_id=home_tab&refinement_paths%5B%5D=%2Fhomes&flexible_trip_lengths%5B%5D=one_week&monthly_start_date=2023-07-01&monthly_length=3&price_filter_input_type=0&price_filter_num_nights=5&channel=EXPLORE&date_picker_type=calendar&source=structured_search_input_header&search_type=search_query&items_offset=180,19.04385,-98.20499
192,/rooms/37120156?adults=1&children=0&enable_m3_private_room=true&infants=0&pets=0&check_in=2023-07-03&check_out=2023-07-08&source_impression_id=p3_1688405850_tTcGyeMNXVsH4OTf&previous_page_section_name=1000&federated_search_id=6b037405-8bfc-4f63-8ce8-3d1135837166,Condo in Puebla,"Comfortable apartment, clean, central, spacious, fun",3 beds,$28 night$28 per night,https://www.airbnb.com/s/ignacio-zaragoza-i--Mexico-City/homes?tab_id=home_tab&refinement_paths%5B%5D=%2Fhomes&flexible_trip_lengths%5B%5D=one_week&monthly_start_date=2023-07-01&monthly_length=3&price_filter_input_type=0&price_filter_num_nights=5&channel=EXPLORE&date_picker_type=calendar&source=structured_search_input_header&search_type=search_query&items_offset=180,19.0579,-98.22532
193,/rooms/770300820852541842?adults=1&children=0&enable_m3_private_room=true&infants=0&pets=0&check_in=2023-07-04&check_out=2023-07-09&source_impression_id=p3_1688405850_HqjQW3gAq0%2FQgizb&previous_page_section_name=1000&federated_search_id=6b037405-8bfc-4f63-8ce8-3d1135837166,Apartment in Puebla,Apartment with an amazing view,3 beds,$38 night$38 per night,https://www.airbnb.com/s/ignacio-zaragoza-i--Mexico-City/homes?tab_id=home_tab&refinement_paths%5B%5D=%2Fhomes&flexible_trip_lengths%5B%5D=one_week&monthly_start_date=2023-07-01&monthly_length=3&price_filter_input_type=0&price_filter_num_nights=5&channel=EXPLORE&date_picker_type=calendar&source=structured_search_input_header&search_type=search_query&items_offset=180,19.0621,-98.1813
194,/rooms/53014943?adults=1&children=0&enable_m3_private_room=true&infants=0&pets=0&check_in=2023-07-17&check_out=2023-07-22&source_impression_id=p3_1688405850_552092nIYYDB0ReC&previous_page_section_name=1000&federated_search_id=6b037405-8bfc-4f63-8ce8-3d1135837166,Home in Puebla,Casa en zona historica de Puebla!,3 beds,$28 night$28 per night,https://www.airbnb.com/s/ignacio-zaragoza-i--Mexico-City/homes?tab_id=home_tab&refinement_paths%5B%5D=%2Fhomes&flexible_trip_lengths%5B%5D=one_week&monthly_start_date=2023-07-01&monthly_length=3&price_filter_input_type=0&price_filter_num_nights=5&channel=EXPLORE&date_picker_type=calendar&source=structured_search_input_header&search_type=search_query&items_offset=180,19.04808,-98.18727
195,/rooms/921635433087845704?adults=1&children=0&enable_m3_private_room=true&infants=0&pets=0&check_in=2023-07-10&check_out=2023-07-15&source_impression_id=p3_1688405850_%2FUrfWGTiX6NFTAIN&previous_page_section_name=1000&federated_search_id=6b037405-8bfc-4f63-8ce8-3d1135837166,Apartment in Puebla,Prados 502,2 beds,$47 night$47 per night,https://www.airbnb.com/s/ignacio-zaragoza-i--Mexico-City/homes?tab_id=home_tab&refinement_paths%5B%5D=%2Fhomes&flexible_trip_lengths%5B%5D=one_week&monthly_start_date=2023-07-01&monthly_length=3&price_filter_input_type=0&price_filter_num_nights=5&channel=EXPLORE&date_picker_type=calendar&source=structured_search_input_header&search_type=search_query&items_offset=180,19.02574671908114,-98.21650900502202
196,/rooms/41341738?adults=1&children=0&enable_m3_private_room=true&infants=0&pets=0&check_in=2023-07-04&check_out=2023-07-09&source_impression_id=p3_1688405850_NrL3ONLq0Ec%2F0539&previous_page_section_name=1000&federated_search_id=6b037405-8bfc-4f63-8ce8-3d1135837166,Apartment in Puebla,Departamento Lujo Puebla Excellent Location,4 beds,$42 night$42 per night,https://www.airbnb.com/s/ignacio-zaragoza-i--Mexico-City/homes?tab_id=home_tab&refinement_paths%5B%5D=%2Fhomes&flexible_trip_lengths%5B%5D=one_week&monthly_start_date=2023-07-01&monthly_length=3&price_filter_input_type=0&price_filter_num_nights=5&channel=EXPLORE&date_picker_type=calendar&source=structured_search_input_header&search_type=search_query&items_offset=180,19.04601,-98.2468
197,/rooms/888010755151755402?adults=1&category_tag=Tag%3A8678&children=0&enable_m3_private_room=true&infants=0&pets=0&check_in=2023-07-04&check_out=2023-07-11&source_impression_id=p3_1688405850_6KFhy8PGvQEMT9P3&previous_page_section_name=1000&federated_search_id=6b037405-8bfc-4f63-8ce8-3d1135837166,Room in Puebla,Departamento Amplio y Seguro.,Stay with Oswaldo,"$12 $11 night$11 per night, originally $12",https://www.airbnb.com/s/ignacio-zaragoza-i--Mexico-City/homes?tab_id=home_tab&refinement_paths%5B%5D=%2Fhomes&flexible_trip_lengths%5B%5D=one_week&monthly_start_date=2023-07-01&monthly_length=3&price_filter_input_type=0&price_filter_num_nights=5&channel=EXPLORE&date_picker_type=calendar&source=structured_search_input_header&search_type=search_query&items_offset=180,19.0127,-98.1978
198,/rooms/41083313?adults=1&children=0&enable_m3_private_room=true&infants=0&pets=0&check_in=2023-07-09&check_out=2023-07-16&source_impression_id=p3_1688405882_%2FXXL6hvXbsp7OTkr&previous_page_section_name=1000&federated_search_id=efa1bb67-8e55-4d0b-aff3-5e1dcb201091,Home in Heroica Puebla de Zaragoza,rustic house.,4 double beds,"$34 $27 night$27 per night, originally $34",https://www.airbnb.com/s/ignacio-zaragoza-i--Mexico-City/homes?tab_id=home_tab&refinement_paths%5B%5D=%2Fhomes&flexible_trip_lengths%5B%5D=one_week&monthly_start_date=2023-07-01&monthly_length=3&price_filter_input_type=0&price_filter_num_nights=5&channel=EXPLORE&date_picker_type=calendar&source=structured_search_input_header&search_type=search_query&items_offset=198,19.04853,-98.15335
199,/rooms/30066082?adults=1&children=0&enable_m3_private_room=true&infants=0&pets=0&check_in=2023-07-09&check_out=2023-07-14&source_impression_id=p3_1688405882_Fk0RHkghnHBnQDp%2B&previous_page_section_name=1000&federated_search_id=efa1bb67-8e55-4d0b-aff3-5e1dcb201091,Apartment in Heroica Puebla de Zaragoza,"Best location in Puebla, Monthly discount!",5 beds,"$44 $37 night$37 per night, originally $44",https://www.airbnb.com/s/ignacio-zaragoza-i--Mexico-City/homes?tab_id=home_tab&refinement_paths%5B%5D=%2Fhomes&flexible_trip_lengths%5B%5D=one_week&monthly_start_date=2023-07-01&monthly_length=3&price_filter_input_type=0&price_filter_num_nights=5&channel=EXPLORE&date_picker_type=calendar&source=structured_search_input_header&search_type=search_query&items_offset=198,19.0431,-98.1974
200,/rooms/52358739?adults=1&children=0&enable_m3_private_room=true&infants=0&pets=0&check_in=2023-08-02&check_out=2023-08-07&source_impression_id=p3_1688405882_uQl%2BCimnOCu%2BsiJj&previous_page_section_name=1000&federated_search_id=efa1bb67-8e55-4d0b-aff3-5e1dcb201091,Condo in Heroica Puebla de Zaragoza,Comfortable and Modern Centro Historico Best Location,3 queen beds,"$68 $46 night$46 per night, originally $68",https://www.airbnb.com/s/ignacio-zaragoza-i--Mexico-City/homes?tab_id=home_tab&refinement_paths%5B%5D=%2Fhomes&flexible_trip_lengths%5B%5D=one_week&monthly_start_date=2023-07-01&monthly_length=3&price_filter_input_type=0&price_filter_num_nights=5&channel=EXPLORE&date_picker_type=calendar&source=structured_search_input_header&search_type=search_query&items_offset=198,19.04408,-98.20226
201,/rooms/787797175986101685?adults=1&children=0&enable_m3_private_room=true&infants=0&pets=0&check_in=2023-07-05&check_out=2023-07-10&source_impression_id=p3_1688405882_0mFMUqtPlyNXZWf3&previous_page_section_name=1000&federated_search_id=efa1bb67-8e55-4d0b-aff3-5e1dcb201091,Loft in Heroica Puebla de Zaragoza,Casa en el Carmen,3 beds,$38 night$38 per night,https://www.airbnb.com/s/ignacio-zaragoza-i--Mexico-City/homes?tab_id=home_tab&refinement_paths%5B%5D=%2Fhomes&flexible_trip_lengths%5B%5D=one_week&monthly_start_date=2023-07-01&monthly_length=3&price_filter_input_type=0&price_filter_num_nights=5&channel=EXPLORE&date_picker_type=calendar&source=structured_search_input_header&search_type=search_query&items_offset=198,19.033,-98.2012
202,/rooms/22817575?adults=1&children=0&enable_m3_private_room=true&infants=0&pets=0&check_in=2023-07-23&check_out=2023-07-29&source_impression_id=p3_1688405882_UVT6qJCGFechMO1Q&previous_page_section_name=1000&federated_search_id=efa1bb67-8e55-4d0b-aff3-5e1dcb201091,Place to stay in puebla puebla,Rent for the whole house. Free daily cleaning!,6 beds,$253 night$253 per night,https://www.airbnb.com/s/ignacio-zaragoza-i--Mexico-City/homes?tab_id=home_tab&refinement_paths%5B%5D=%2Fhomes&flexible_trip_lengths%5B%5D=one_week&monthly_start_date=2023-07-01&monthly_length=3&price_filter_input_type=0&price_filter_num_nights=5&channel=EXPLORE&date_picker_type=calendar&source=structured_search_input_header&search_type=search_query&items_offset=198,19.01131,-98.20711
203,/rooms/20695413?adults=1&children=0&enable_m3_private_room=true&infants=0&pets=0&check_in=2023-07-04&check_out=2023-07-09&source_impression_id=p3_1688405882_9G%2BbQRQcPXF6vCQ6&previous_page_section_name=1000&federated_search_id=efa1bb67-8e55-4d0b-aff3-5e1dcb201091,Home in Heroica Puebla de Zaragoza,Large full House Close to Angelopolis Area.,4 beds,$45 night$45 per night,https://www.airbnb.com/s/ignacio-zaragoza-i--Mexico-City/homes?tab_id=home_tab&refinement_paths%5B%5D=%2Fhomes&flexible_trip_lengths%5B%5D=one_week&monthly_start_date=2023-07-01&monthly_length=3&price_filter_input_type=0&price_filter_num_nights=5&channel=EXPLORE&date_picker_type=calendar&source=structured_search_input_header&search_type=search_query&items_offset=198,19.03826,-98.24342
204,/rooms/675170458247260462?adults=1&children=0&enable_m3_private_room=true&infants=0&pets=0&check_in=2023-07-03&check_out=2023-07-09&source_impression_id=p3_1688405882_ZoFGzzbEh560GnST&previous_page_section_name=1000&federated_search_id=efa1bb67-8e55-4d0b-aff3-5e1dcb201091,Home in Heroica Puebla de Zaragoza,Residencial Balam 11,2 beds,$94 night$94 per night,https://www.airbnb.com/s/ignacio-zaragoza-i--Mexico-City/homes?tab_id=home_tab&refinement_paths%5B%5D=%2Fhomes&flexible_trip_lengths%5B%5D=one_week&monthly_start_date=2023-07-01&monthly_length=3&price_filter_input_type=0&price_filter_num_nights=5&channel=EXPLORE&date_picker_type=calendar&source=structured_search_input_header&search_type=search_query&items_offset=198,19.0157,-98.18
205,/rooms/571042618877774125?adults=1&children=0&enable_m3_private_room=true&infants=0&pets=0&check_in=2023-07-05&check_out=2023-07-10&source_impression_id=p3_1688405882_ZUvYySTNM8LSN%2BCd&previous_page_section_name=1000&federated_search_id=efa1bb67-8e55-4d0b-aff3-5e1dcb201091,Condo in Heroica Puebla de Zaragoza,Exclusive EXECUTIVE apartment in the best area.,2 beds,$95 night$95 per night,https://www.airbnb.com/s/ignacio-zaragoza-i--Mexico-City/homes?tab_id=home_tab&refinement_paths%5B%5D=%2Fhomes&flexible_trip_lengths%5B%5D=one_week&monthly_start_date=2023-07-01&monthly_length=3&price_filter_input_type=0&price_filter_num_nights=5&channel=EXPLORE&date_picker_type=calendar&source=structured_search_input_header&search_type=search_query&items_offset=198,19.03295,-98.23165
206,/rooms/34210473?adults=1&children=0&enable_m3_private_room=true&infants=0&pets=0&check_in=2023-07-04&check_out=2023-07-09&source_impression_id=p3_1688405882_wEfZ7Lwk3%2FliOCwm&previous_page_section_name=1000&federated_search_id=efa1bb67-8e55-4d0b-aff3-5e1dcb201091,Apartment in Heroica Puebla de Zaragoza,Nice apartment in the center of Puebla.,3 beds,$27 night$27 per night,https://www.airbnb.com/s/ignacio-zaragoza-i--Mexico-City/homes?tab_id=home_tab&refinement_paths%5B%5D=%2Fhomes&flexible_trip_lengths%5B%5D=one_week&monthly_start_date=2023-07-01&monthly_length=3&price_filter_input_type=0&price_filter_num_nights=5&channel=EXPLORE&date_picker_type=calendar&source=structured_search_input_header&search_type=search_query&items_offset=198,19.03957,-98.19754
207,/rooms/31266327?adults=1&children=0&enable_m3_private_room=true&infants=0&pets=0&check_in=2023-07-03&check_out=2023-07-08&source_impression_id=p3_1688405882_Afr%2Bg517U8xXMIRh&previous_page_section_name=1000&federated_search_id=efa1bb67-8e55-4d0b-aff3-5e1dcb201091,Place to stay in Heroica Puebla de Zaragoza,La Casita de Juana Pancha (mini-house / boutique),2 beds,"$26 $23 night$23 per night, originally $26",https://www.airbnb.com/s/ignacio-zaragoza-i--Mexico-City/homes?tab_id=home_tab&refinement_paths%5B%5D=%2Fhomes&flexible_trip_lengths%5B%5D=one_week&monthly_start_date=2023-07-01&monthly_length=3&price_filter_input_type=0&price_filter_num_nights=5&channel=EXPLORE&date_picker_type=calendar&source=structured_search_input_header&search_type=search_query&items_offset=198,19.0415,-98.1824
208,/rooms/879987072270685904?adults=1&children=0&enable_m3_private_room=true&infants=0&pets=0&check_in=2023-07-03&check_out=2023-07-08&source_impression_id=p3_1688405882_FvN8d1cVgXqbBvNT&previous_page_section_name=1000&federated_search_id=efa1bb67-8e55-4d0b-aff3-5e1dcb201091,Apartment in Heroica Puebla de Zaragoza,Departamento céntrico y privado en la cd. Puebla,1 double bed,$17 night$17 per night,https://www.airbnb.com/s/ignacio-zaragoza-i--Mexico-City/homes?tab_id=home_tab&refinement_paths%5B%5D=%2Fhomes&flexible_trip_lengths%5B%5D=one_week&monthly_start_date=2023-07-01&monthly_length=3&price_filter_input_type=0&price_filter_num_nights=5&channel=EXPLORE&date_picker_type=calendar&source=structured_search_input_header&search_type=search_query&items_offset=198,19.0459,-98.1887
209,/rooms/53060740?adults=1&children=0&enable_m3_private_room=true&infants=0&pets=0&check_in=2023-07-08&check_out=2023-07-13&source_impression_id=p3_1688405882_LrqOnddiuZcBCjpr&previous_page_section_name=1000&federated_search_id=efa1bb67-8e55-4d0b-aff3-5e1dcb201091,Condo in Heroica Puebla de Zaragoza,Amazing Renovated and Comfortable in Historic Downtown,3 queen beds,"$65 $43 night$43 per night, originally $65",https://www.airbnb.com/s/ignacio-zaragoza-i--Mexico-City/homes?tab_id=home_tab&refinement_paths%5B%5D=%2Fhomes&flexible_trip_lengths%5B%5D=one_week&monthly_start_date=2023-07-01&monthly_length=3&price_filter_input_type=0&price_filter_num_nights=5&channel=EXPLORE&date_picker_type=calendar&source=structured_search_input_header&search_type=search_query&items_offset=198,19.04433,-98.20199
210,/rooms/29657660?adults=1&children=0&enable_m3_private_room=true&infants=0&pets=0&check_in=2023-07-23&check_out=2023-07-28&source_impression_id=p3_1688405882_a3jAmVkoNfo6gHVc&previous_page_section_name=1000&federated_search_id=efa1bb67-8e55-4d0b-aff3-5e1dcb201091,Loft in Heroica Puebla de Zaragoza,Studio 304,1 double bed,$33 night$33 per night,https://www.airbnb.com/s/ignacio-zaragoza-i--Mexico-City/homes?tab_id=home_tab&refinement_paths%5B%5D=%2Fhomes&flexible_trip_lengths%5B%5D=one_week&monthly_start_date=2023-07-01&monthly_length=3&price_filter_input_type=0&price_filter_num_nights=5&channel=EXPLORE&date_picker_type=calendar&source=structured_search_input_header&search_type=search_query&items_offset=198,19.04519,-98.20316
211,/rooms/11323616?adults=1&children=0&enable_m3_private_room=true&infants=0&pets=0&check_in=2023-07-04&check_out=2023-07-09&source_impression_id=p3_1688405882_eYhnZzc1yNc4mAbb&previous_page_section_name=1000&federated_search_id=efa1bb67-8e55-4d0b-aff3-5e1dcb201091,Apartment in Heroica Puebla de Zaragoza,Cozy half street apartment in the Zócalo,3 beds,$53 night$53 per night,https://www.airbnb.com/s/ignacio-zaragoza-i--Mexico-City/homes?tab_id=home_tab&refinement_paths%5B%5D=%2Fhomes&flexible_trip_lengths%5B%5D=one_week&monthly_start_date=2023-07-01&monthly_length=3&price_filter_input_type=0&price_filter_num_nights=5&channel=EXPLORE&date_picker_type=calendar&source=structured_search_input_header&search_type=search_query&items_offset=198,19.04285,-98.1989
212,/rooms/755089239420936298?adults=1&children=0&enable_m3_private_room=true&infants=0&pets=0&check_in=2023-07-04&check_out=2023-07-11&source_impression_id=p3_1688405882_EiCC3RoSpOOLvcxj&previous_page_section_name=1000&federated_search_id=efa1bb67-8e55-4d0b-aff3-5e1dcb201091,Apartment in 普埃布拉,Apartment in Puebla,2 beds,"$62 $52 night$52 per night, originally $62",https://www.airbnb.com/s/ignacio-zaragoza-i--Mexico-City/homes?tab_id=home_tab&refinement_paths%5B%5D=%2Fhomes&flexible_trip_lengths%5B%5D=one_week&monthly_start_date=2023-07-01&monthly_length=3&price_filter_input_type=0&price_filter_num_nights=5&channel=EXPLORE&date_picker_type=calendar&source=structured_search_input_header&search_type=search_query&items_offset=198,19.0362,-98.2401
213,/rooms/51696152?adults=1&children=0&enable_m3_private_room=true&infants=0&pets=0&check_in=2023-07-03&check_out=2023-07-08&source_impression_id=p3_1688405882_8WPWyOam6BXhmpqh&previous_page_section_name=1000&federated_search_id=efa1bb67-8e55-4d0b-aff3-5e1dcb201091,Apartment in Heroica Puebla de Zaragoza,"Apartment with spectacular view Juarez, Puebla",5 beds,"$62 $49 night$49 per night, originally $62",https://www.airbnb.com/s/ignacio-zaragoza-i--Mexico-City/homes?tab_id=home_tab&refinement_paths%5B%5D=%2Fhomes&flexible_trip_lengths%5B%5D=one_week&monthly_start_date=2023-07-01&monthly_length=3&price_filter_input_type=0&price_filter_num_nights=5&channel=EXPLORE&date_picker_type=calendar&source=structured_search_input_header&search_type=search_query&items_offset=198,19.05291,-98.21677
214,/rooms/922363145099758635?adults=1&children=0&enable_m3_private_room=true&infants=0&pets=0&check_in=2023-07-04&check_out=2023-07-09&source_impression_id=p3_1688405882_7SA0iEUXZM1SP8rU&previous_page_section_name=1000&federated_search_id=efa1bb67-8e55-4d0b-aff3-5e1dcb201091,Apartment in Heroica Puebla de Zaragoza,Magnífico departamento,3 beds,$50 night$50 per night,https://www.airbnb.com/s/ignacio-zaragoza-i--Mexico-City/homes?tab_id=home_tab&refinement_paths%5B%5D=%2Fhomes&flexible_trip_lengths%5B%5D=one_week&monthly_start_date=2023-07-01&monthly_length=3&price_filter_input_type=0&price_filter_num_nights=5&channel=EXPLORE&date_picker_type=calendar&source=structured_search_input_header&search_type=search_query&items_offset=198,19.070613406923265,-98.24283874029767
215,/rooms/556763595892302226?adults=1&children=0&enable_m3_private_room=true&infants=0&pets=0&check_in=2023-07-03&check_out=2023-07-08&source_impression_id=p3_1688405882_v3aROQFcTwnlZapu&previous_page_section_name=1000&federated_search_id=efa1bb67-8e55-4d0b-aff3-5e1dcb201091,Loft in Puebla,Loft Lujo Puebla Excelente Ubicación,2 beds,"$35 $29 night$29 per night, originally $35",https://www.airbnb.com/s/ignacio-zaragoza-i--Mexico-City/homes?tab_id=home_tab&refinement_paths%5B%5D=%2Fhomes&flexible_trip_lengths%5B%5D=one_week&monthly_start_date=2023-07-01&monthly_length=3&price_filter_input_type=0&price_filter_num_nights=5&channel=EXPLORE&date_picker_type=calendar&source=structured_search_input_header&search_type=search_query&items_offset=198,19.04609,-98.24498
216,/rooms/52648442?adults=1&children=0&enable_m3_private_room=true&infants=0&pets=0&check_in=2023-07-03&check_out=2023-07-08&source_impression_id=p3_1688405914_BarJkSuH5%2Bp4fP%2FJ&previous_page_section_name=1000&federated_search_id=e328ab1a-6ff9-4c29-ad5f-5a4f8d9fef77,Apartment in Puebla,"ZÓCALO de PUEBLA a short walk away, HERMOSOdepartamento",3 beds,$27 night$27 per night,https://www.airbnb.com/s/ignacio-zaragoza-i--Mexico-City/homes?tab_id=home_tab&refinement_paths%5B%5D=%2Fhomes&flexible_trip_lengths%5B%5D=one_week&monthly_start_date=2023-07-01&monthly_length=3&price_filter_input_type=0&price_filter_num_nights=5&channel=EXPLORE&date_picker_type=calendar&source=structured_search_input_header&search_type=search_query&items_offset=216,19.04873,-98.19161
217,/rooms/46464525?adults=1&children=0&enable_m3_private_room=true&infants=0&pets=0&check_in=2023-07-19&check_out=2023-07-24&source_impression_id=p3_1688405914_L7gpowThBJ74J4vx&previous_page_section_name=1000&federated_search_id=e328ab1a-6ff9-4c29-ad5f-5a4f8d9fef77,Apartment in Puebla,New # 403 apartment 10 minutes from downtown,3 beds,$23 night$23 per night,https://www.airbnb.com/s/ignacio-zaragoza-i--Mexico-City/homes?tab_id=home_tab&refinement_paths%5B%5D=%2Fhomes&flexible_trip_lengths%5B%5D=one_week&monthly_start_date=2023-07-01&monthly_length=3&price_filter_input_type=0&price_filter_num_nights=5&channel=EXPLORE&date_picker_type=calendar&source=structured_search_input_header&search_type=search_query&items_offset=216,19.04226,-98.17198
218,/rooms/33585748?adults=1&children=0&enable_m3_private_room=true&infants=0&pets=0&check_in=2023-07-03&check_out=2023-07-08&source_impression_id=p3_1688405914_6o%2FtEAOB0jEhrwI%2F&previous_page_section_name=1000&federated_search_id=e328ab1a-6ff9-4c29-ad5f-5a4f8d9fef77,Hotel room in Puebla,Incredible Suites just steps from the Cathedral !,1 king bed,$47 night$47 per night,https://www.airbnb.com/s/ignacio-zaragoza-i--Mexico-City/homes?tab_id=home_tab&refinement_paths%5B%5D=%2Fhomes&flexible_trip_lengths%5B%5D=one_week&monthly_start_date=2023-07-01&monthly_length=3&price_filter_input_type=0&price_filter_num_nights=5&channel=EXPLORE&date_picker_type=calendar&source=structured_search_input_header&search_type=search_query&items_offset=216,19.042165756225586,-98.19620513916016
219,/rooms/52941609?adults=1&children=0&enable_m3_private_room=true&infants=0&pets=0&check_in=2023-07-03&check_out=2023-07-08&source_impression_id=p3_1688405914_x%2BuIRuRvt39AfdJ3&previous_page_section_name=1000&federated_search_id=e328ab1a-6ff9-4c29-ad5f-5a4f8d9fef77,Apartment in Puebla,APARTMENT WITH ALL AMENITIES INCLUDED,1 bed,$22 night$22 per night,https://www.airbnb.com/s/ignacio-zaragoza-i--Mexico-City/homes?tab_id=home_tab&refinement_paths%5B%5D=%2Fhomes&flexible_trip_lengths%5B%5D=one_week&monthly_start_date=2023-07-01&monthly_length=3&price_filter_input_type=0&price_filter_num_nights=5&channel=EXPLORE&date_picker_type=calendar&source=structured_search_input_header&search_type=search_query&items_offset=216,18.99479,-98.21992
220,/rooms/921635433087845704?adults=1&children=0&enable_m3_private_room=true&infants=0&pets=0&check_in=2023-07-10&check_out=2023-07-15&source_impression_id=p3_1688405914_iqtxBVq3MqkCwvD0&previous_page_section_name=1000&federated_search_id=e328ab1a-6ff9-4c29-ad5f-5a4f8d9fef77,Apartment in Puebla,Prados 502,2 beds,$47 night$47 per night,https://www.airbnb.com/s/ignacio-zaragoza-i--Mexico-City/homes?tab_id=home_tab&refinement_paths%5B%5D=%2Fhomes&flexible_trip_lengths%5B%5D=one_week&monthly_start_date=2023-07-01&monthly_length=3&price_filter_input_type=0&price_filter_num_nights=5&channel=EXPLORE&date_picker_type=calendar&source=structured_search_input_header&search_type=search_query&items_offset=216,19.02574671908114,-98.21650900502202
221,/rooms/20394343?adults=1&category_tag=Tag%3A8678&children=0&enable_m3_private_room=true&infants=0&pets=0&check_in=2023-07-03&check_out=2023-07-09&source_impression_id=p3_1688405914_eiVjnTFP3RKlG6sM&previous_page_section_name=1000&federated_search_id=e328ab1a-6ff9-4c29-ad5f-5a4f8d9fef77,Room in Puebla,"Unique Room, Prime Location.",Stay with Irvin,$20 night$20 per night,https://www.airbnb.com/s/ignacio-zaragoza-i--Mexico-City/homes?tab_id=home_tab&refinement_paths%5B%5D=%2Fhomes&flexible_trip_lengths%5B%5D=one_week&monthly_start_date=2023-07-01&monthly_length=3&price_filter_input_type=0&price_filter_num_nights=5&channel=EXPLORE&date_picker_type=calendar&source=structured_search_input_header&search_type=search_query&items_offset=216,19.04457,-98.18774
222,/rooms/46448033?adults=1&children=0&enable_m3_private_room=true&infants=0&pets=0&check_in=2023-07-03&check_out=2023-07-08&source_impression_id=p3_1688405914_EfvyC%2F3c7vb1PVxn&previous_page_section_name=1000&federated_search_id=e328ab1a-6ff9-4c29-ad5f-5a4f8d9fef77,Apartment in Puebla,Casa Coyote,1 queen bed,$49 night$49 per night,https://www.airbnb.com/s/ignacio-zaragoza-i--Mexico-City/homes?tab_id=home_tab&refinement_paths%5B%5D=%2Fhomes&flexible_trip_lengths%5B%5D=one_week&monthly_start_date=2023-07-01&monthly_length=3&price_filter_input_type=0&price_filter_num_nights=5&channel=EXPLORE&date_picker_type=calendar&source=structured_search_input_header&search_type=search_query&items_offset=216,19.04085,-98.19504
223,/rooms/715291086892021854?adults=1&children=0&enable_m3_private_room=true&infants=0&pets=0&check_in=2023-07-07&check_out=2023-07-14&source_impression_id=p3_1688405914_7S578Kx80ldPzZyR&previous_page_section_name=1000&federated_search_id=e328ab1a-6ff9-4c29-ad5f-5a4f8d9fef77,Apartment in Puebla,Historical Downtown Puebla Studio-Apartment,1 bed,$23 night$23 per night,https://www.airbnb.com/s/ignacio-zaragoza-i--Mexico-City/homes?tab_id=home_tab&refinement_paths%5B%5D=%2Fhomes&flexible_trip_lengths%5B%5D=one_week&monthly_start_date=2023-07-01&monthly_length=3&price_filter_input_type=0&price_filter_num_nights=5&channel=EXPLORE&date_picker_type=calendar&source=structured_search_input_header&search_type=search_query&items_offset=216,19.04234,-98.20349
224,/rooms/17515789?adults=1&children=0&enable_m3_private_room=true&infants=0&pets=0&check_in=2023-07-12&check_out=2023-07-18&source_impression_id=p3_1688405914_tgLef1ylxcka17rN&previous_page_section_name=1000&federated_search_id=e328ab1a-6ff9-4c29-ad5f-5a4f8d9fef77,Condo in Puebla,Charming & Economic Department,2 double beds,$22 night$22 per night,https://www.airbnb.com/s/ignacio-zaragoza-i--Mexico-City/homes?tab_id=home_tab&refinement_paths%5B%5D=%2Fhomes&flexible_trip_lengths%5B%5D=one_week&monthly_start_date=2023-07-01&monthly_length=3&price_filter_input_type=0&price_filter_num_nights=5&channel=EXPLORE&date_picker_type=calendar&source=structured_search_input_header&search_type=search_query&items_offset=216,19.05184,-98.23117
225,/rooms/53183632?adults=1&children=0&enable_m3_private_room=true&infants=0&pets=0&check_in=2023-07-07&check_out=2023-07-12&source_impression_id=p3_1688405914_M7yE6syZ2xQLtAA%2F&previous_page_section_name=1000&federated_search_id=e328ab1a-6ff9-4c29-ad5f-5a4f8d9fef77,Apartment in Puebla,Loft in downtown Puebla,4 beds,$52 night$52 per night,https://www.airbnb.com/s/ignacio-zaragoza-i--Mexico-City/homes?tab_id=home_tab&refinement_paths%5B%5D=%2Fhomes&flexible_trip_lengths%5B%5D=one_week&monthly_start_date=2023-07-01&monthly_length=3&price_filter_input_type=0&price_filter_num_nights=5&channel=EXPLORE&date_picker_type=calendar&source=structured_search_input_header&search_type=search_query&items_offset=216,19.0483,-98.1947
226,/rooms/871792207071590548?adults=1&children=0&enable_m3_private_room=true&infants=0&pets=0&check_in=2023-08-01&check_out=2023-08-06&source_impression_id=p3_1688405914_lCamQDc02AItAvDg&previous_page_section_name=1000&federated_search_id=e328ab1a-6ff9-4c29-ad5f-5a4f8d9fef77,Apartment in Puebla,Departamento 1 céntrico,1 bed,"$24 $19 night$19 per night, originally $24",https://www.airbnb.com/s/ignacio-zaragoza-i--Mexico-City/homes?tab_id=home_tab&refinement_paths%5B%5D=%2Fhomes&flexible_trip_lengths%5B%5D=one_week&monthly_start_date=2023-07-01&monthly_length=3&price_filter_input_type=0&price_filter_num_nights=5&channel=EXPLORE&date_picker_type=calendar&source=structured_search_input_header&search_type=search_query&items_offset=216,19.03680993695364,-98.20669806953441
227,/rooms/51651907?adults=1&children=0&enable_m3_private_room=true&infants=0&pets=0&check_in=2023-07-03&check_out=2023-07-08&source_impression_id=p3_1688405914_VD7k0ZcVq4q7p%2Fg6&previous_page_section_name=1000&federated_search_id=e328ab1a-6ff9-4c29-ad5f-5a4f8d9fef77,Condo in Puebla,Beautiful apartment in the center of Puebla,2 beds,"$50 $41 night$41 per night, originally $50",https://www.airbnb.com/s/ignacio-zaragoza-i--Mexico-City/homes?tab_id=home_tab&refinement_paths%5B%5D=%2Fhomes&flexible_trip_lengths%5B%5D=one_week&monthly_start_date=2023-07-01&monthly_length=3&price_filter_input_type=0&price_filter_num_nights=5&channel=EXPLORE&date_picker_type=calendar&source=structured_search_input_header&search_type=search_query&items_offset=216,19.0434,-98.2033
228,/rooms/923018636713430408?adults=1&children=0&enable_m3_private_room=true&infants=0&pets=0&check_in=2023-08-07&check_out=2023-08-12&source_impression_id=p3_1688405914_VqWNJtGdANgDhLWu&previous_page_section_name=1000&federated_search_id=e328ab1a-6ff9-4c29-ad5f-5a4f8d9fef77,Home in Puebla,"Amplia casa en San Manuel, Puebla, cerca de BUAP",4 beds,"$67 $54 night$54 per night, originally $67",https://www.airbnb.com/s/ignacio-zaragoza-i--Mexico-City/homes?tab_id=home_tab&refinement_paths%5B%5D=%2Fhomes&flexible_trip_lengths%5B%5D=one_week&monthly_start_date=2023-07-01&monthly_length=3&price_filter_input_type=0&price_filter_num_nights=5&channel=EXPLORE&date_picker_type=calendar&source=structured_search_input_header&search_type=search_query&items_offset=216,19.0087,-98.1985
229,/rooms/35684888?adults=1&children=0&enable_m3_private_room=true&infants=0&pets=0&check_in=2023-07-09&check_out=2023-07-14&source_impression_id=p3_1688405914_8vvWRROjRz7t5osG&previous_page_section_name=1000&federated_search_id=e328ab1a-6ff9-4c29-ad5f-5a4f8d9fef77,Loft in Puebla,Equipped loft,2 single beds,$30 night$30 per night,https://www.airbnb.com/s/ignacio-zaragoza-i--Mexico-City/homes?tab_id=home_tab&refinement_paths%5B%5D=%2Fhomes&flexible_trip_lengths%5B%5D=one_week&monthly_start_date=2023-07-01&monthly_length=3&price_filter_input_type=0&price_filter_num_nights=5&channel=EXPLORE&date_picker_type=calendar&source=structured_search_input_header&search_type=search_query&items_offset=216,19.05276,-98.21486
230,/rooms/694081771286869698?adults=1&children=0&enable_m3_private_room=true&infants=0&pets=0&check_in=2023-07-06&check_out=2023-07-11&source_impression_id=p3_1688405914_P9p3sBITqRiP2vHo&previous_page_section_name=1000&federated_search_id=e328ab1a-6ff9-4c29-ad5f-5a4f8d9fef77,Condo in San Andres Cholula,"Apartment & gallery Coronado | Pool, Jacuzzi",2 king beds,$105 night$105 per night,https://www.airbnb.com/s/ignacio-zaragoza-i--Mexico-City/homes?tab_id=home_tab&refinement_paths%5B%5D=%2Fhomes&flexible_trip_lengths%5B%5D=one_week&monthly_start_date=2023-07-01&monthly_length=3&price_filter_input_type=0&price_filter_num_nights=5&channel=EXPLORE&date_picker_type=calendar&source=structured_search_input_header&search_type=search_query&items_offset=216,19.0286,-98.2369
231,/rooms/34444623?adults=1&children=0&enable_m3_private_room=true&infants=0&pets=0&check_in=2023-07-10&check_out=2023-07-15&source_impression_id=p3_1688405914_G4j2bgIDHWeHhHac&previous_page_section_name=1000&federated_search_id=e328ab1a-6ff9-4c29-ad5f-5a4f8d9fef77,Home in Puebla,The Artist´s House - Angelopolis area,3 beds,$44 night$44 per night,https://www.airbnb.com/s/ignacio-zaragoza-i--Mexico-City/homes?tab_id=home_tab&refinement_paths%5B%5D=%2Fhomes&flexible_trip_lengths%5B%5D=one_week&monthly_start_date=2023-07-01&monthly_length=3&price_filter_input_type=0&price_filter_num_nights=5&channel=EXPLORE&date_picker_type=calendar&source=structured_search_input_header&search_type=search_query&items_offset=216,19.0373,-98.2216
232,/rooms/33828414?adults=1&children=0&enable_m3_private_room=true&infants=0&pets=0&check_in=2023-07-09&check_out=2023-07-14&source_impression_id=p3_1688405914_pxKVDoWjsw5A%2Fv67&previous_page_section_name=1000&federated_search_id=e328ab1a-6ff9-4c29-ad5f-5a4f8d9fef77,Home in Puebla,La 15 del centro,2 beds,$134 night$134 per night,https://www.airbnb.com/s/ignacio-zaragoza-i--Mexico-City/homes?tab_id=home_tab&refinement_paths%5B%5D=%2Fhomes&flexible_trip_lengths%5B%5D=one_week&monthly_start_date=2023-07-01&monthly_length=3&price_filter_input_type=0&price_filter_num_nights=5&channel=EXPLORE&date_picker_type=calendar&source=structured_search_input_header&search_type=search_query&items_offset=216,19.03925,-98.20013
233,/rooms/22140323?adults=1&category_tag=Tag%3A8678&children=0&enable_m3_private_room=true&infants=0&pets=0&check_in=2023-07-05&check_out=2023-07-10&source_impression_id=p3_1688405914_sbdtEErgpHY6xSxc&previous_page_section_name=1000&federated_search_id=e328ab1a-6ff9-4c29-ad5f-5a4f8d9fef77,Room in Puebla,Casa Heroes de Puebla,Stay with Carlos,$18 night$18 per night,https://www.airbnb.com/s/ignacio-zaragoza-i--Mexico-City/homes?tab_id=home_tab&refinement_paths%5B%5D=%2Fhomes&flexible_trip_lengths%5B%5D=one_week&monthly_start_date=2023-07-01&monthly_length=3&price_filter_input_type=0&price_filter_num_nights=5&channel=EXPLORE&date_picker_type=calendar&source=structured_search_input_header&search_type=search_query&items_offset=216,19.02146,-98.17965
234,/rooms/797838187984330928?adults=1&category_tag=Tag%3A8678&children=0&enable_m3_private_room=true&infants=0&pets=0&check_in=2023-07-04&check_out=2023-07-09&source_impression_id=p3_1688405943_9JIIRhCSwvQkbOVS&previous_page_section_name=1000&federated_search_id=5afaa81f-35e0-429f-8f13-ecbb97179e4b,Room in Agrícola Oriental,"Foro Sol, Palacio de los Deportes",Stay with Raymundo,"$166,646 COP night$166,646 COP per night",https://www.airbnb.com/s/ignacio-zaragoza-i--Mexico-City/homes?tab_id=home_tab&refinement_paths%5B%5D=%2Fhomes&flexible_trip_lengths%5B%5D=one_week&monthly_start_date=2023-07-01&monthly_length=3&price_filter_input_type=0&price_filter_num_nights=5&channel=EXPLORE&date_picker_type=calendar&source=structured_search_input_header&search_type=search_query&items_offset=234,19.4072,-99.076
235,/rooms/655248247094014413?adults=1&category_tag=Tag%3A8678&children=0&enable_m3_private_room=true&infants=0&pets=0&check_in=2023-07-03&check_out=2023-07-08&source_impression_id=p3_1688405943_zxHtVeOgG8d7gW5U&previous_page_section_name=1000&federated_search_id=5afaa81f-35e0-429f-8f13-ecbb97179e4b,Room in Mexico City,Stay with Gabriela,Stay with Gabriela,"$208,307 COP night$208,307 COP per night",https://www.airbnb.com/s/ignacio-zaragoza-i--Mexico-City/homes?tab_id=home_tab&refinement_paths%5B%5D=%2Fhomes&flexible_trip_lengths%5B%5D=one_week&monthly_start_date=2023-07-01&monthly_length=3&price_filter_input_type=0&price_filter_num_nights=5&channel=EXPLORE&date_picker_type=calendar&source=structured_search_input_header&search_type=search_query&items_offset=234,19.3937,-99.1015
236,/rooms/762334163751364150?adults=1&children=0&enable_m3_private_room=true&infants=0&pets=0&check_in=2023-07-06&check_out=2023-07-12&source_impression_id=p3_1688405943_YA5IMiVf8vxw83%2F7&previous_page_section_name=1000&federated_search_id=5afaa81f-35e0-429f-8f13-ecbb97179e4b,Hotel in Agrícola Oriental,Private room near Foro Sol. QUEEN SIZE,1 queen bed,"$106,931 COP night$106,931 COP per night",https://www.airbnb.com/s/ignacio-zaragoza-i--Mexico-City/homes?tab_id=home_tab&refinement_paths%5B%5D=%2Fhomes&flexible_trip_lengths%5B%5D=one_week&monthly_start_date=2023-07-01&monthly_length=3&price_filter_input_type=0&price_filter_num_nights=5&channel=EXPLORE&date_picker_type=calendar&source=structured_search_input_header&search_type=search_query&items_offset=234,19.4023,-99.0667
237,/rooms/905199219710386011?adults=1&category_tag=Tag%3A8678&children=0&enable_m3_private_room=true&infants=0&pets=0&check_in=2023-07-03&check_out=2023-07-08&source_impression_id=p3_1688405943_YD4fBsBenphymLYZ&previous_page_section_name=1000&federated_search_id=5afaa81f-35e0-429f-8f13-ecbb97179e4b,Room in Jardin Balbuena,Stay with Brayan,Stay with Brayan,"$74,360 COP $62,770 COP night$62,770 COP per night, originally $74,360 COP",https://www.airbnb.com/s/ignacio-zaragoza-i--Mexico-City/homes?tab_id=home_tab&refinement_paths%5B%5D=%2Fhomes&flexible_trip_lengths%5B%5D=one_week&monthly_start_date=2023-07-01&monthly_length=3&price_filter_input_type=0&price_filter_num_nights=5&channel=EXPLORE&date_picker_type=calendar&source=structured_search_input_header&search_type=search_query&items_offset=234,19.4282,-99.1103
238,/rooms/37887939?adults=1&category_tag=Tag%3A8678&children=0&enable_m3_private_room=true&infants=0&pets=0&check_in=2023-07-22&check_out=2023-07-27&source_impression_id=p3_1688405943_9PFwFrCZSPEPMGu5&previous_page_section_name=1000&federated_search_id=5afaa81f-35e0-429f-8f13-ecbb97179e4b,Room in Peñon de Los Baños,H3 Private Room one street from Apt CDMX T1,Stay with Israel,"$120,540 COP night$120,540 COP per night",https://www.airbnb.com/s/ignacio-zaragoza-i--Mexico-City/homes?tab_id=home_tab&refinement_paths%5B%5D=%2Fhomes&flexible_trip_lengths%5B%5D=one_week&monthly_start_date=2023-07-01&monthly_length=3&price_filter_input_type=0&price_filter_num_nights=5&channel=EXPLORE&date_picker_type=calendar&source=structured_search_input_header&search_type=search_query&items_offset=234,19.439,-99.0796
239,/rooms/41384748?adults=1&children=0&enable_m3_private_room=true&infants=0&pets=0&check_in=2023-08-09&check_out=2023-08-14&source_impression_id=p3_1688405943_30a%2BIhmwndHZQNqI&previous_page_section_name=1000&federated_search_id=5afaa81f-35e0-429f-8f13-ecbb97179e4b,Apartment in Peñon de Los Baños,"Bienvenidos, excelente departamento frente a la T1",2 double beds,"$175,534 COP night$175,534 COP per night",https://www.airbnb.com/s/ignacio-zaragoza-i--Mexico-City/homes?tab_id=home_tab&refinement_paths%5B%5D=%2Fhomes&flexible_trip_lengths%5B%5D=one_week&monthly_start_date=2023-07-01&monthly_length=3&price_filter_input_type=0&price_filter_num_nights=5&channel=EXPLORE&date_picker_type=calendar&source=structured_search_input_header&search_type=search_query&items_offset=234,19.43502,-99.08529
240,/rooms/37017718?adults=1&category_tag=Tag%3A8678&children=0&enable_m3_private_room=true&infants=0&pets=0&check_in=2023-07-03&check_out=2023-07-08&source_impression_id=p3_1688405943_ybHayY6H0%2Fjc%2Bp2M&previous_page_section_name=1000&federated_search_id=5afaa81f-35e0-429f-8f13-ecbb97179e4b,Room in Jardin Balbuena,Centrally located 15 minutes from Foro Sol,Stay with Ed,"$103,496 COP $60,729 COP night$60,729 COP per night, originally $103,496 COP",https://www.airbnb.com/s/ignacio-zaragoza-i--Mexico-City/homes?tab_id=home_tab&refinement_paths%5B%5D=%2Fhomes&flexible_trip_lengths%5B%5D=one_week&monthly_start_date=2023-07-01&monthly_length=3&price_filter_input_type=0&price_filter_num_nights=5&channel=EXPLORE&date_picker_type=calendar&source=structured_search_input_header&search_type=search_query&items_offset=234,19.41496,-99.11069
241,/rooms/53436905?adults=1&category_tag=Tag%3A8678&children=0&enable_m3_private_room=true&infants=0&pets=0&check_in=2023-07-03&check_out=2023-07-08&source_impression_id=p3_1688405943_xoPGiB3S59VZL1Jk&previous_page_section_name=1000&federated_search_id=5afaa81f-35e0-429f-8f13-ecbb97179e4b,Room in Granjas México,Stay with Dey,Stay with Dey,"$232,890 COP night$232,890 COP per night",https://www.airbnb.com/s/ignacio-zaragoza-i--Mexico-City/homes?tab_id=home_tab&refinement_paths%5B%5D=%2Fhomes&flexible_trip_lengths%5B%5D=one_week&monthly_start_date=2023-07-01&monthly_length=3&price_filter_input_type=0&price_filter_num_nights=5&channel=EXPLORE&date_picker_type=calendar&source=structured_search_input_header&search_type=search_query&items_offset=234,19.40505,-99.11234
242,/rooms/48552745?adults=1&children=0&enable_m3_private_room=true&infants=0&pets=0&check_in=2023-07-08&check_out=2023-07-13&source_impression_id=p3_1688405943_usNt4qDIfvsf%2B86R&previous_page_section_name=1000&federated_search_id=5afaa81f-35e0-429f-8f13-ecbb97179e4b,Condo in Guadalupe Tepeyac,Modern Entero De Luxury Apartment Extra Equipped,2 double beds,"$214,913 COP night$214,913 COP per night",https://www.airbnb.com/s/ignacio-zaragoza-i--Mexico-City/homes?tab_id=home_tab&refinement_paths%5B%5D=%2Fhomes&flexible_trip_lengths%5B%5D=one_week&monthly_start_date=2023-07-01&monthly_length=3&price_filter_input_type=0&price_filter_num_nights=5&channel=EXPLORE&date_picker_type=calendar&source=structured_search_input_header&search_type=search_query&items_offset=234,19.46673,-99.11685
243,/rooms/27495526?adults=1&children=0&enable_m3_private_room=true&infants=0&pets=0&check_in=2023-07-03&check_out=2023-07-08&source_impression_id=p3_1688405943_kq6B2y0ZatU0kGTn&previous_page_section_name=1000&federated_search_id=5afaa81f-35e0-429f-8f13-ecbb97179e4b,Home in Jardin Balbuena,"""Cueva de wolves Mexico City""",3 beds,"$206,611 COP night$206,611 COP per night",https://www.airbnb.com/s/ignacio-zaragoza-i--Mexico-City/homes?tab_id=home_tab&refinement_paths%5B%5D=%2Fhomes&flexible_trip_lengths%5B%5D=one_week&monthly_start_date=2023-07-01&monthly_length=3&price_filter_input_type=0&price_filter_num_nights=5&channel=EXPLORE&date_picker_type=calendar&source=structured_search_input_header&search_type=search_query&items_offset=234,19.41541,-99.116
244,/rooms/750208516459776267?adults=1&children=0&enable_m3_private_room=true&infants=0&pets=0&check_in=2023-07-31&check_out=2023-08-05&source_impression_id=p3_1688405943_wUb%2BKfX%2FUehLUEer&previous_page_section_name=1000&federated_search_id=5afaa81f-35e0-429f-8f13-ecbb97179e4b,Condo in Agrícola Pantitlán,"Cozy apartment equipped ideal Airport, Foro Sol",2 double beds,"$213,712 COP $194,959 COP night$194,959 COP per night, originally $213,712 COP",https://www.airbnb.com/s/ignacio-zaragoza-i--Mexico-City/homes?tab_id=home_tab&refinement_paths%5B%5D=%2Fhomes&flexible_trip_lengths%5B%5D=one_week&monthly_start_date=2023-07-01&monthly_length=3&price_filter_input_type=0&price_filter_num_nights=5&channel=EXPLORE&date_picker_type=calendar&source=structured_search_input_header&search_type=search_query&items_offset=234,19.41651,-99.06636
245,/rooms/605260644126667547?adults=1&category_tag=Tag%3A8678&children=0&enable_m3_private_room=true&infants=0&pets=0&check_in=2023-07-15&check_out=2023-07-22&source_impression_id=p3_1688405943_HGcnxBMr9nWMOGxt&previous_page_section_name=1000&federated_search_id=5afaa81f-35e0-429f-8f13-ecbb97179e4b,Room in Agrícola Pantitlán,Comfortable Apartment 10 minutes from the Airport!,Stay with Luis Samuel,"$90,228 COP $82,266 COP night$82,266 COP per night, originally $90,228 COP",https://www.airbnb.com/s/ignacio-zaragoza-i--Mexico-City/homes?tab_id=home_tab&refinement_paths%5B%5D=%2Fhomes&flexible_trip_lengths%5B%5D=one_week&monthly_start_date=2023-07-01&monthly_length=3&price_filter_input_type=0&price_filter_num_nights=5&channel=EXPLORE&date_picker_type=calendar&source=structured_search_input_header&search_type=search_query&items_offset=234,19.40559,-99.06401
246,/rooms/39900338?adults=1&children=0&enable_m3_private_room=true&infants=0&pets=0&check_in=2023-09-21&check_out=2023-09-26&source_impression_id=p3_1688405943_wGdOmFM5KU1fPRkd&previous_page_section_name=1000&federated_search_id=5afaa81f-35e0-429f-8f13-ecbb97179e4b,Apartment in Jardin Balbuena,Lovely Depa. Forosol Palacio Airport 10 Min,3 beds,"$206,085 COP night$206,085 COP per night",https://www.airbnb.com/s/ignacio-zaragoza-i--Mexico-City/homes?tab_id=home_tab&refinement_paths%5B%5D=%2Fhomes&flexible_trip_lengths%5B%5D=one_week&monthly_start_date=2023-07-01&monthly_length=3&price_filter_input_type=0&price_filter_num_nights=5&channel=EXPLORE&date_picker_type=calendar&source=structured_search_input_header&search_type=search_query&items_offset=234,19.41925,-99.10824
247,/rooms/629558456788366867?adults=1&children=0&enable_m3_private_room=true&infants=0&pets=0&check_in=2023-11-16&check_out=2023-11-21&source_impression_id=p3_1688405943_RKoQrEsIih8m2IbC&previous_page_section_name=1000&federated_search_id=5afaa81f-35e0-429f-8f13-ecbb97179e4b,Apartment in Mexico City,203 The best location ! Reforma/Chapultepec/Angel,1 bed,"$1,825,371 COP night$1,825,371 COP per night",https://www.airbnb.com/s/ignacio-zaragoza-i--Mexico-City/homes?tab_id=home_tab&refinement_paths%5B%5D=%2Fhomes&flexible_trip_lengths%5B%5D=one_week&monthly_start_date=2023-07-01&monthly_length=3&price_filter_input_type=0&price_filter_num_nights=5&channel=EXPLORE&date_picker_type=calendar&source=structured_search_input_header&search_type=search_query&items_offset=234,19.4256,-99.17554
248,/rooms/49650118?adults=1&children=0&enable_m3_private_room=true&infants=0&pets=0&check_in=2023-07-16&check_out=2023-07-23&source_impression_id=p3_1688405943_Ds2ONOzeylNLdLaR&previous_page_section_name=1000&federated_search_id=5afaa81f-35e0-429f-8f13-ecbb97179e4b,Condo in Mexico City,COMPLETE DEPARTMENT VERY CLOSE TO THE T2 AIRPORT,2 beds,"$192,015 COP $174,978 COP night$174,978 COP per night, originally $192,015 COP",https://www.airbnb.com/s/ignacio-zaragoza-i--Mexico-City/homes?tab_id=home_tab&refinement_paths%5B%5D=%2Fhomes&flexible_trip_lengths%5B%5D=one_week&monthly_start_date=2023-07-01&monthly_length=3&price_filter_input_type=0&price_filter_num_nights=5&channel=EXPLORE&date_picker_type=calendar&source=structured_search_input_header&search_type=search_query&items_offset=234,19.4157,-99.0793
249,/rooms/846634781574242639?adults=1&category_tag=Tag%3A8678&children=0&enable_m3_private_room=true&infants=0&pets=0&check_in=2023-07-04&check_out=2023-07-09&source_impression_id=p3_1688405943_YIU1BoxoovTitGN%2F&previous_page_section_name=1000&federated_search_id=5afaa81f-35e0-429f-8f13-ecbb97179e4b,Room in Mexico City,Stay with Stephanie,Stay with Stephanie,"$193,865 COP night$193,865 COP per night",https://www.airbnb.com/s/ignacio-zaragoza-i--Mexico-City/homes?tab_id=home_tab&refinement_paths%5B%5D=%2Fhomes&flexible_trip_lengths%5B%5D=one_week&monthly_start_date=2023-07-01&monthly_length=3&price_filter_input_type=0&price_filter_num_nights=5&channel=EXPLORE&date_picker_type=calendar&source=structured_search_input_header&search_type=search_query&items_offset=234,19.394472288188926,-99.10214380561935
250,/rooms/50954815?adults=1&category_tag=Tag%3A8678&children=0&enable_m3_private_room=true&infants=0&pets=0&check_in=2023-07-04&check_out=2023-07-09&source_impression_id=p3_1688405943_McwFFeofgR4%2FE3zs&previous_page_section_name=1000&federated_search_id=5afaa81f-35e0-429f-8f13-ecbb97179e4b,Room in Peñon de Los Baños,A1-Anroom one block from T1  Airport CDMX,Stay with Gerardo Rodrigo,"$71,935 COP night$71,935 COP per night",https://www.airbnb.com/s/ignacio-zaragoza-i--Mexico-City/homes?tab_id=home_tab&refinement_paths%5B%5D=%2Fhomes&flexible_trip_lengths%5B%5D=one_week&monthly_start_date=2023-07-01&monthly_length=3&price_filter_input_type=0&price_filter_num_nights=5&channel=EXPLORE&date_picker_type=calendar&source=structured_search_input_header&search_type=search_query&items_offset=234,19.439,-99.0796
251,/rooms/44660446?adults=1&children=0&enable_m3_private_room=true&infants=0&pets=0&check_in=2023-07-05&check_out=2023-07-10&source_impression_id=p3_1688405943_XzdN6ivrM%2FDH2e5p&previous_page_section_name=1000&federated_search_id=5afaa81f-35e0-429f-8f13-ecbb97179e4b,Condo in Moctezuma,Private and sanitized apartment at CDMX Airport,1 double bed,"$169,423 COP night$169,423 COP per night",https://www.airbnb.com/s/ignacio-zaragoza-i--Mexico-City/homes?tab_id=home_tab&refinement_paths%5B%5D=%2Fhomes&flexible_trip_lengths%5B%5D=one_week&monthly_start_date=2023-07-01&monthly_length=3&price_filter_input_type=0&price_filter_num_nights=5&channel=EXPLORE&date_picker_type=calendar&source=structured_search_input_header&search_type=search_query&items_offset=234,19.43067,-99.09518
252,/rooms/803199335180295012?adults=1&children=0&enable_m3_private_room=true&infants=0&pets=0&check_in=2023-07-06&check_out=2023-07-11&source_impression_id=p3_1688405975_eeZIvlw%2FuQj45oYu&previous_page_section_name=1000&federated_search_id=034f6d41-ced1-4d24-940f-9df9f4742a76,Home in Jardin Balbuena,Loft with separate entrance,3 beds,"¥ 5,327 night¥ 5,327 per night",https://www.airbnb.com/s/ignacio-zaragoza-i--Mexico-City/homes?tab_id=home_tab&refinement_paths%5B%5D=%2Fhomes&flexible_trip_lengths%5B%5D=one_week&monthly_start_date=2023-07-01&monthly_length=3&price_filter_input_type=0&price_filter_num_nights=5&channel=EXPLORE&date_picker_type=calendar&source=structured_search_input_header&search_type=search_query&items_offset=252,19.415931750804305,-99.11099631215299
253,/rooms/25403000?adults=1&children=0&enable_m3_private_room=true&infants=0&pets=0&check_in=2023-07-03&check_out=2023-07-08&source_impression_id=p3_1688405975_DbdtKqPezj8KuCRC&previous_page_section_name=1000&federated_search_id=034f6d41-ced1-4d24-940f-9df9f4742a76,Apartment in San Juan de Aragon,"New independent apartment,near T1 CDMX Airport",2 beds,"¥ 4,870 night¥ 4,870 per night",https://www.airbnb.com/s/ignacio-zaragoza-i--Mexico-City/homes?tab_id=home_tab&refinement_paths%5B%5D=%2Fhomes&flexible_trip_lengths%5B%5D=one_week&monthly_start_date=2023-07-01&monthly_length=3&price_filter_input_type=0&price_filter_num_nights=5&channel=EXPLORE&date_picker_type=calendar&source=structured_search_input_header&search_type=search_query&items_offset=252,19.45251,-99.06154
254,/rooms/27495526?adults=1&children=0&enable_m3_private_room=true&infants=0&pets=0&check_in=2023-07-03&check_out=2023-07-08&source_impression_id=p3_1688405975_o%2BPcONWBGPyfQpBK&previous_page_section_name=1000&federated_search_id=034f6d41-ced1-4d24-940f-9df9f4742a76,Home in Jardin Balbuena,"""Cueva de wolves Mexico City""",3 beds,"¥ 7,157 night¥ 7,157 per night",https://www.airbnb.com/s/ignacio-zaragoza-i--Mexico-City/homes?tab_id=home_tab&refinement_paths%5B%5D=%2Fhomes&flexible_trip_lengths%5B%5D=one_week&monthly_start_date=2023-07-01&monthly_length=3&price_filter_input_type=0&price_filter_num_nights=5&channel=EXPLORE&date_picker_type=calendar&source=structured_search_input_header&search_type=search_query&items_offset=252,19.41541,-99.116
255,/rooms/700883790858794929?adults=1&children=0&enable_m3_private_room=true&infants=0&pets=0&check_in=2023-07-10&check_out=2023-07-15&source_impression_id=p3_1688405975_bxuPfJCtXCxCOYXJ&previous_page_section_name=1000&federated_search_id=034f6d41-ced1-4d24-940f-9df9f4742a76,Vacation home in Agrícola Pantitlán,Comfortable and excellent boutique apartment.,3 beds,"¥ 6,296 night¥ 6,296 per night",https://www.airbnb.com/s/ignacio-zaragoza-i--Mexico-City/homes?tab_id=home_tab&refinement_paths%5B%5D=%2Fhomes&flexible_trip_lengths%5B%5D=one_week&monthly_start_date=2023-07-01&monthly_length=3&price_filter_input_type=0&price_filter_num_nights=5&channel=EXPLORE&date_picker_type=calendar&source=structured_search_input_header&search_type=search_query&items_offset=252,19.40847,-99.06241
256,/rooms/25326247?adults=1&children=0&enable_m3_private_room=true&infants=0&pets=0&check_in=2023-08-16&check_out=2023-08-21&source_impression_id=p3_1688405975_caKWZlylt3V8RQlB&previous_page_section_name=1000&federated_search_id=034f6d41-ced1-4d24-940f-9df9f4742a76,Loft in Mexico City,It's all very pleased !!,2 beds,"¥ 6,602 night¥ 6,602 per night",https://www.airbnb.com/s/ignacio-zaragoza-i--Mexico-City/homes?tab_id=home_tab&refinement_paths%5B%5D=%2Fhomes&flexible_trip_lengths%5B%5D=one_week&monthly_start_date=2023-07-01&monthly_length=3&price_filter_input_type=0&price_filter_num_nights=5&channel=EXPLORE&date_picker_type=calendar&source=structured_search_input_header&search_type=search_query&items_offset=252,19.40609,-99.11592
257,/rooms/568168620303594159?adults=1&children=0&enable_m3_private_room=true&infants=0&pets=0&check_in=2023-07-12&check_out=2023-07-17&source_impression_id=p3_1688405975_UnUfJP1%2BzcbAtr0h&previous_page_section_name=1000&federated_search_id=034f6d41-ced1-4d24-940f-9df9f4742a76,Condo in Agrícola Pantitlán,Apartment near AICM,2 beds,"¥ 6,626 night¥ 6,626 per night",https://www.airbnb.com/s/ignacio-zaragoza-i--Mexico-City/homes?tab_id=home_tab&refinement_paths%5B%5D=%2Fhomes&flexible_trip_lengths%5B%5D=one_week&monthly_start_date=2023-07-01&monthly_length=3&price_filter_input_type=0&price_filter_num_nights=5&channel=EXPLORE&date_picker_type=calendar&source=structured_search_input_header&search_type=search_query&items_offset=252,19.4173,-99.0702
258,/rooms/33499321?adults=1&children=0&enable_m3_private_room=true&infants=0&pets=0&check_in=2023-07-10&check_out=2023-07-15&source_impression_id=p3_1688405975_y6kJfAf%2BF08vbz6y&previous_page_section_name=1000&federated_search_id=034f6d41-ced1-4d24-940f-9df9f4742a76,Home in San Juan de Aragon,"Beautiful house 10 min Airport, 15 min CDMX Center",7 beds,"¥ 20,406 night¥ 20,406 per night",https://www.airbnb.com/s/ignacio-zaragoza-i--Mexico-City/homes?tab_id=home_tab&refinement_paths%5B%5D=%2Fhomes&flexible_trip_lengths%5B%5D=one_week&monthly_start_date=2023-07-01&monthly_length=3&price_filter_input_type=0&price_filter_num_nights=5&channel=EXPLORE&date_picker_type=calendar&source=structured_search_input_header&search_type=search_query&items_offset=252,19.45884,-99.06814
259,/rooms/51653739?adults=1&children=0&enable_m3_private_room=true&infants=0&pets=0&check_in=2023-10-26&check_out=2023-10-31&source_impression_id=p3_1688405975_8VTEBTy8S0OL8MN%2B&previous_page_section_name=1000&federated_search_id=034f6d41-ced1-4d24-940f-9df9f4742a76,Apartment in Federal,Helice-5minApto-ForoSol-Autodromo-PalacioDeport,5 beds,"¥ 47,200 night¥ 47,200 per night",https://www.airbnb.com/s/ignacio-zaragoza-i--Mexico-City/homes?tab_id=home_tab&refinement_paths%5B%5D=%2Fhomes&flexible_trip_lengths%5B%5D=one_week&monthly_start_date=2023-07-01&monthly_length=3&price_filter_input_type=0&price_filter_num_nights=5&channel=EXPLORE&date_picker_type=calendar&source=structured_search_input_header&search_type=search_query&items_offset=252,19.41571,-99.08747
260,/rooms/16822245?adults=1&children=0&enable_m3_private_room=true&infants=0&pets=0&check_in=2023-07-15&check_out=2023-07-20&source_impression_id=p3_1688405975_IOUIxMV0ZVoO8dp%2B&previous_page_section_name=1000&federated_search_id=034f6d41-ced1-4d24-940f-9df9f4742a76,Guest suite in Mexico City,Cozy Apartment in Rooftop in Coyoacan,1 double bed,"¥ 6,773 night¥ 6,773 per night",https://www.airbnb.com/s/ignacio-zaragoza-i--Mexico-City/homes?tab_id=home_tab&refinement_paths%5B%5D=%2Fhomes&flexible_trip_lengths%5B%5D=one_week&monthly_start_date=2023-07-01&monthly_length=3&price_filter_input_type=0&price_filter_num_nights=5&channel=EXPLORE&date_picker_type=calendar&source=structured_search_input_header&search_type=search_query&items_offset=252,19.34553,-99.16925
261,/rooms/28075835?adults=1&children=0&enable_m3_private_room=true&infants=0&pets=0&check_in=2023-07-11&check_out=2023-07-16&source_impression_id=p3_1688405975_%2BcH0BDhNzZHLfclM&previous_page_section_name=1000&federated_search_id=034f6d41-ced1-4d24-940f-9df9f4742a76,Condo in Jardin Balbuena,Cozy Small Apartment Near Airport and Downtown,4 beds,"¥ 6,252 night¥ 6,252 per night",https://www.airbnb.com/s/ignacio-zaragoza-i--Mexico-City/homes?tab_id=home_tab&refinement_paths%5B%5D=%2Fhomes&flexible_trip_lengths%5B%5D=one_week&monthly_start_date=2023-07-01&monthly_length=3&price_filter_input_type=0&price_filter_num_nights=5&channel=EXPLORE&date_picker_type=calendar&source=structured_search_input_header&search_type=search_query&items_offset=252,19.41899,-99.11018
262,/rooms/39863346?adults=1&category_tag=Tag%3A8678&children=0&enable_m3_private_room=true&infants=0&pets=0&check_in=2023-07-05&check_out=2023-07-11&source_impression_id=p3_1688405975_8XYRLA9rojU6wsmJ&previous_page_section_name=1000&federated_search_id=034f6d41-ced1-4d24-940f-9df9f4742a76,Room in Moctezuma,"Bedroom CDMX Airport T1 & T2, Foro Sol, TAPO",Stay with Adrián,"¥ 4,073 night¥ 4,073 per night",https://www.airbnb.com/s/ignacio-zaragoza-i--Mexico-City/homes?tab_id=home_tab&refinement_paths%5B%5D=%2Fhomes&flexible_trip_lengths%5B%5D=one_week&monthly_start_date=2023-07-01&monthly_length=3&price_filter_input_type=0&price_filter_num_nights=5&channel=EXPLORE&date_picker_type=calendar&source=structured_search_input_header&search_type=search_query&items_offset=252,19.4336,-99.0931
263,/rooms/651306504234622929?adults=1&children=0&enable_m3_private_room=true&infants=0&pets=0&check_in=2023-07-03&check_out=2023-07-08&source_impression_id=p3_1688405975_V77lf%2BtWnjZA3KSJ&previous_page_section_name=1000&federated_search_id=034f6d41-ced1-4d24-940f-9df9f4742a76,Loft in San Juan de Aragon,3- Acogedor Loft en la Ciudad de México,1 bed,"¥ 5,724 night¥ 5,724 per night",https://www.airbnb.com/s/ignacio-zaragoza-i--Mexico-City/homes?tab_id=home_tab&refinement_paths%5B%5D=%2Fhomes&flexible_trip_lengths%5B%5D=one_week&monthly_start_date=2023-07-01&monthly_length=3&price_filter_input_type=0&price_filter_num_nights=5&channel=EXPLORE&date_picker_type=calendar&source=structured_search_input_header&search_type=search_query&items_offset=252,19.4564,-99.0666
264,/rooms/53004136?adults=1&children=0&enable_m3_private_room=true&infants=0&pets=0&check_in=2023-07-05&check_out=2023-07-10&source_impression_id=p3_1688405975_YxWrUXsldNfxZ7CH&previous_page_section_name=1000&federated_search_id=034f6d41-ced1-4d24-940f-9df9f4742a76,Apartment in Puebla,"Apartment in excellent location 5mins of AICM, racetrack, sun forum, sports palace, with parking, 24hr security",2 beds,"¥ 14,431 night¥ 14,431 per night",https://www.airbnb.com/s/ignacio-zaragoza-i--Mexico-City/homes?tab_id=home_tab&refinement_paths%5B%5D=%2Fhomes&flexible_trip_lengths%5B%5D=one_week&monthly_start_date=2023-07-01&monthly_length=3&price_filter_input_type=0&price_filter_num_nights=5&channel=EXPLORE&date_picker_type=calendar&source=structured_search_input_header&search_type=search_query&items_offset=252,19.4101,-99.0784
265,/rooms/734989770836824132?adults=1&children=0&enable_m3_private_room=true&infants=0&pets=0&check_in=2023-07-13&check_out=2023-07-18&source_impression_id=p3_1688405975_kA1%2BsZv86p5a1NFY&previous_page_section_name=1000&federated_search_id=034f6d41-ced1-4d24-940f-9df9f4742a76,Apartment in Mexico City,Hermoso depto en residencial privado zona céntrica,3 beds,"¥ 6,012 night¥ 6,012 per night",https://www.airbnb.com/s/ignacio-zaragoza-i--Mexico-City/homes?tab_id=home_tab&refinement_paths%5B%5D=%2Fhomes&flexible_trip_lengths%5B%5D=one_week&monthly_start_date=2023-07-01&monthly_length=3&price_filter_input_type=0&price_filter_num_nights=5&channel=EXPLORE&date_picker_type=calendar&source=structured_search_input_header&search_type=search_query&items_offset=252,19.49515,-99.14302
266,/rooms/806125578904670859?adults=1&children=0&enable_m3_private_room=true&infants=0&pets=0&check_in=2023-07-03&check_out=2023-07-08&source_impression_id=p3_1688405975_sTgg57JEE66exmuQ&previous_page_section_name=1000&federated_search_id=034f6d41-ced1-4d24-940f-9df9f4742a76,Condo in Moctezuma,Depa Chido,2 queen beds,"¥ 9,620 night¥ 9,620 per night",https://www.airbnb.com/s/ignacio-zaragoza-i--Mexico-City/homes?tab_id=home_tab&refinement_paths%5B%5D=%2Fhomes&flexible_trip_lengths%5B%5D=one_week&monthly_start_date=2023-07-01&monthly_length=3&price_filter_input_type=0&price_filter_num_nights=5&channel=EXPLORE&date_picker_type=calendar&source=structured_search_input_header&search_type=search_query&items_offset=252,19.430414143223867,-99.10751034647191
267,/rooms/858352588972025684?adults=1&children=0&enable_m3_private_room=true&infants=0&pets=0&check_in=2023-07-03&check_out=2023-07-08&source_impression_id=p3_1688405975_ZyYiL%2F7UfIjjG0oJ&previous_page_section_name=1000&federated_search_id=034f6d41-ced1-4d24-940f-9df9f4742a76,Place to stay in Agrícola Pantitlán,Casa de Ces! H2 cerca del Aeropuerto Terminal 2,1 single bed,"¥ 2,592 night¥ 2,592 per night",https://www.airbnb.com/s/ignacio-zaragoza-i--Mexico-City/homes?tab_id=home_tab&refinement_paths%5B%5D=%2Fhomes&flexible_trip_lengths%5B%5D=one_week&monthly_start_date=2023-07-01&monthly_length=3&price_filter_input_type=0&price_filter_num_nights=5&channel=EXPLORE&date_picker_type=calendar&source=structured_search_input_header&search_type=search_query&items_offset=252,19.4062,-99.0585
268,/rooms/33011219?adults=1&children=0&enable_m3_private_room=true&infants=0&pets=0&check_in=2023-07-22&check_out=2023-07-27&source_impression_id=p3_1688405975_XgwA0%2B8AU2w9mmRV&previous_page_section_name=1000&federated_search_id=034f6d41-ced1-4d24-940f-9df9f4742a76,Apartment in Moctezuma,"Apt #101 ""facing the airport""",3 beds,"¥ 12,834 night¥ 12,834 per night",https://www.airbnb.com/s/ignacio-zaragoza-i--Mexico-City/homes?tab_id=home_tab&refinement_paths%5B%5D=%2Fhomes&flexible_trip_lengths%5B%5D=one_week&monthly_start_date=2023-07-01&monthly_length=3&price_filter_input_type=0&price_filter_num_nights=5&channel=EXPLORE&date_picker_type=calendar&source=structured_search_input_header&search_type=search_query&items_offset=252,19.43485,-99.09094
269,/rooms/47956194?adults=1&children=0&enable_m3_private_room=true&infants=0&pets=0&check_in=2023-07-03&check_out=2023-07-08&source_impression_id=p3_1688405975_BQ2wIJcfY%2Bu%2FkpzX&previous_page_section_name=1000&federated_search_id=034f6d41-ced1-4d24-940f-9df9f4742a76,Condo in Villa de Guadalupe,Dep. Independiente In front of Basilica of Guadalupe,2 beds,"¥ 4,202 night¥ 4,202 per night",https://www.airbnb.com/s/ignacio-zaragoza-i--Mexico-City/homes?tab_id=home_tab&refinement_paths%5B%5D=%2Fhomes&flexible_trip_lengths%5B%5D=one_week&monthly_start_date=2023-07-01&monthly_length=3&price_filter_input_type=0&price_filter_num_nights=5&channel=EXPLORE&date_picker_type=calendar&source=structured_search_input_header&search_type=search_query&items_offset=252,19.48679,-99.11838
